time	cwndsize
0.00376259	2
0.00791434	3
0.00900403	4
0.0118261	5
0.0123537	6
0.0137921	7
0.0143044	8
0.0155078	9
0.0166373	10
0.0176559	11
0.0187376	12
0.0196829	13
0.0203445	14
0.0210767	15
0.0223939	16
0.0231899	17
0.0238726	18
0.0245538	19
0.0251402	20
0.0259971	21
0.0274896	22
0.0279118	23
0.0282504	24
0.0288136	25
0.029925	26
0.030283	27
0.0313752	28
0.0319042	29
0.0327068	30
0.0335089	31
0.0342234	32
0.0347993	33
0.0356323	34
0.0364975	35
0.0369986	36
0.0378275	37
0.0386789	38
0.0399183	39
0.0402264	40
0.0408941	41
0.0417681	42
0.0425762	43
0.0434223	44
0.0442818	45
0.0451258	46
0.0468218	47
0.0478684	48
0.0489554	49
0.05026	50
0.0511856	51
0.051852	52
0.0527526	53
0.0533069	54
0.0538654	55
0.0544203	56
0.0579797	57
0.0599187	58
0.06454	59
0.0715305	60
0.0836289	61
0.0842567	62
0.0847948	63
0.0853712	64
0.0865499	65
0.0874507	66
0.0883175	67
0.0891969	68
0.090117	69
0.0906625	70
0.0915711	71
0.0921756	72
0.0930662	73
0.0941156	74
0.0950287	75
0.0959413	76
0.0962374	77
0.0969845	78
0.0977813	79
0.0985466	80
0.0993271	81
0.100176	82
0.100939	83
0.101694	84
0.102464	85
0.103022	86
0.108006	87
0.121182	88
0.123812	89
0.124285	90
0.124902	91
0.125685	92
0.126141	93
0.126606	94
0.127631	95
0.128461	96
0.129542	97
0.130469	98
0.131047	99
0.132019	100
0.132908	101
0.133827	102
0.135317	103
0.135814	104
0.136168	105
0.136986	106
0.137607	107
0.138499	108
0.139382	109
0.140165	110
0.141058	111
0.141975	112
0.14276	113
0.14329	114
0.144342	115
0.14495	116
0.145898	117
0.146655	118
0.147617	119
0.148601	120
0.149543	121
0.150766	122
0.151582	123
0.152132	124
0.152849	125
0.153352	126
0.157845	127
0.171254	128
0.178888	129
0.179603	130
0.180157	131
0.180679	132
0.18147	133
0.182259	134
0.183101	135
0.18388	136
0.184671	137
0.185492	138
0.186349	139
0.187357	140
0.187876	141
0.188511	142
0.189319	143
0.190149	144
0.190914	145
0.191717	146
0.192534	147
0.193339	148
0.194186	149
0.195007	150
0.19586	151
0.196769	152
0.197456	153
0.19819	154
0.198954	155
0.199764	156
0.200542	157
0.201295	158
0.202113	159
0.202902	160
0.207698	161
0.222415	162
0.22633	163
0.227042	164
0.227688	165
0.228146	166
0.228631	167
0.229626	168
0.230587	169
0.231221	170
0.231927	171
0.232675	172
0.233645	173
0.234534	174
0.23514	175
0.235961	176
0.236652	177
0.237472	178
0.238369	179
0.238974	180
0.239832	181
0.240682	182
0.241457	183
0.242186	184
0.243116	185
0.243958	186
0.244601	187
0.245463	188
0.246358	189
0.24705	190
0.248033	191
0.249282	192
0.249792	193
0.250883	194
0.251522	195
0.252262	196
0.252763	197
0.253687	198
0.257939	199
0.269903	200
0.278147	201
0.278976	202
0.279542	203
0.28014	204
0.28074	205
0.281291	206
0.282395	207
0.282976	208
0.283478	209
0.284133	210
0.285146	211
0.285727	212
0.286348	213
0.287128	214
0.288581	215
0.289136	216
0.289612	217
0.289993	218
0.29038	219
0.291926	220
0.292341	221
0.292741	222
0.293686	223
0.294201	224
0.295042	225
0.295693	226
0.296531	227
0.297204	228
0.298035	229
0.298937	230
0.29982	231
0.300638	232
0.301412	233
0.302208	234
0.302764	235
0.307954	236
0.323317	237
0.328322	238
0.329037	239
0.329649	240
0.330241	241
0.331257	242
0.331897	243
0.332291	244
0.332679	245
0.334039	246
0.334478	247
0.334881	248
0.335889	249
0.33641	250
0.337231	251
0.338069	252
0.338526	253
0.339383	254
0.340934	255
0.341792	256
0.342278	257
0.342691	258
0.343828	259
0.344326	260
0.34496	261
0.345681	262
0.346347	263
0.347854	264
0.348518	265
0.349095	266
0.349697	267
0.350345	268
0.351208	269
0.351967	270
0.352587	271
0.35337	272
0.353949	273
0.35759	274
0.36492	275
0.378272	276
0.378895	277
0.379347	278
0.379811	279
0.380234	280
0.380718	281
0.381701	282
0.382469	283
0.382988	284
0.383841	285
0.384817	286
0.385552	287
0.386152	288
0.386664	289
0.387942	290
0.388501	291
0.389211	292
0.390171	293
0.39125	294
0.392037	295
0.392539	296
0.392994	297
0.393677	298
0.394381	299
0.395065	300
0.395754	301
0.396411	302
0.397026	151
0.397243	151.007
0.397847	151.013
0.399062	151.02
0.399614	151.026
0.400647	151.033
0.401246	151.04
0.40183	151.046
0.40236	151.053
0.403209	151.06
0.407655	151.066
0.421544	151.073
0.422821	151.079
0.423286	151.086
0.423901	151.093
0.424381	151.099
0.424842	151.106
0.425209	151.113
0.425791	151.119
0.426377	151.126
0.426885	151.132
0.427316	151.139
0.427689	151.146
0.428133	151.152
0.42866	151.159
0.428961	151.166
0.429406	151.172
0.430088	151.179
0.430608	151.185
0.43115	151.192
0.431477	151.199
0.432105	151.205
0.432431	151.212
0.433281	151.219
0.433788	151.225
0.434288	151.232
0.434777	151.238
0.435269	151.245
0.436339	151.252
0.436793	151.258
0.43721	151.265
0.437626	151.272
0.438142	151.278
0.438597	151.285
0.439086	151.291
0.439736	151.298
0.440448	151.305
0.440953	151.311
0.441479	151.318
0.441983	151.325
0.442784	151.331
0.444271	151.338
0.44465	151.344
0.445025	151.351
0.445408	151.358
0.44579	151.364
0.4462	151.371
0.446579	151.377
0.4471	151.384
0.44753	151.391
0.448059	151.397
0.448803	151.404
0.44954	151.411
0.450131	151.417
0.450695	151.424
0.451163	151.43
0.451825	151.437
0.452188	151.444
0.452468	151.45
0.45303	151.457
0.453562	151.464
0.45407	151.47
0.456245	151.477
0.456725	151.483
0.457272	151.49
0.457689	151.497
0.458239	151.503
0.45852	151.51
0.458926	151.517
0.459656	151.523
0.460143	151.53
0.461376	151.536
0.462975	151.543
0.463679	151.55
0.46457	151.556
0.465066	151.563
0.466514	151.57
0.467512	151.576
0.468586	151.583
0.469433	151.589
0.470453	151.596
0.471131	151.603
0.47172	151.609
0.47226	151.616
0.472755	151.623
0.473261	151.629
0.473797	151.636
0.474204	151.642
0.474814	151.649
0.475308	151.656
0.476147	151.662
0.476645	151.669
0.477144	151.675
0.477695	151.682
0.47847	151.689
0.479228	151.695
0.479672	151.702
0.480046	151.709
0.480764	151.715
0.481286	151.722
0.481802	151.728
0.482353	151.735
0.483027	151.742
0.483533	151.748
0.48413	151.755
0.484691	151.762
0.485173	151.768
0.48558	151.775
0.486036	151.781
0.486491	151.788
0.486891	151.795
0.487428	151.801
0.487937	151.808
0.488392	151.815
0.489077	151.821
0.489434	151.828
0.489917	151.834
0.490386	151.841
0.490916	151.848
0.491525	151.854
0.492067	151.861
0.492533	151.868
0.493038	151.874
0.493517	151.881
0.494039	151.887
0.494559	151.894
0.495087	151.901
0.495615	151.907
0.495952	151.914
0.496381	151.921
0.496867	151.927
0.497377	151.934
0.497895	151.94
0.4982	151.947
0.498923	151.954
0.499231	151.96
0.49975	151.967
0.501287	151.974
0.501668	151.98
0.502015	151.987
0.502339	151.993
0.502676	152
0.503735	152.007
0.504603	152.013
0.504926	152.02
0.505202	152.026
0.505988	152.033
0.506728	152.04
0.507621	152.046
0.508313	152.053
0.508772	152.059
0.509459	152.066
0.509916	152.072
0.510606	152.079
0.511696	152.086
0.51263	152.092
0.512969	152.099
0.513592	152.105
0.514333	152.112
0.514951	152.118
0.515821	152.125
0.516386	152.132
0.517227	152.138
0.51826	152.145
0.518802	152.151
0.519785	152.158
0.520632	152.165
0.521273	152.171
0.521959	152.178
0.522878	152.184
0.523507	152.191
0.524209	152.197
0.525027	152.204
0.525781	152.211
0.526589	152.217
0.52798	152.224
0.528439	152.23
0.529247	152.237
0.529647	152.243
0.530706	152.25
0.531521	152.257
0.532256	152.263
0.532891	152.27
0.533651	152.276
0.534296	152.283
0.535113	152.29
0.535903	152.296
0.53663	152.303
0.537707	152.309
0.53828	152.316
0.539121	152.322
0.539663	152.329
0.540708	152.336
0.541301	152.342
0.542321	152.349
0.54286	152.355
0.543748	152.362
0.544457	152.368
0.545187	152.375
0.545994	152.382
0.546727	152.388
0.547604	152.395
0.548361	152.401
0.549013	152.408
0.550098	152.415
0.551036	152.421
0.551839	152.428
0.552622	152.434
0.553717	152.441
0.557436	152.447
0.567236	152.454
0.568245	152.461
0.569443	152.467
0.570504	152.474
0.571133	152.48
0.571989	152.487
0.572536	152.493
0.573244	152.5
0.57419	152.507
0.575009	152.513
0.575648	152.52
0.576633	152.526
0.577248	152.533
0.577891	152.54
0.578988	152.546
0.579701	152.553
0.580267	152.559
0.580976	152.566
0.582033	152.572
0.582558	152.579
0.583403	152.586
0.584169	152.592
0.585236	152.599
0.585809	152.605
0.58655	152.612
0.587298	152.618
0.587896	152.625
0.588673	152.632
0.589291	152.638
0.590049	152.645
0.590616	152.651
0.591397	152.658
0.592004	152.665
0.592797	152.671
0.593994	152.678
0.594552	152.684
0.595395	152.691
0.596298	152.697
0.597012	152.704
0.597948	152.711
0.598797	152.717
0.599788	152.724
0.600418	152.73
0.601637	152.737
0.602223	152.743
0.602676	152.75
0.603247	152.757
0.607196	152.763
0.610004	152.77
0.611098	152.776
0.611977	152.783
0.613315	152.79
0.614814	152.796
0.615298	152.803
0.616739	152.809
0.618261	152.816
0.620246	152.822
0.621699	152.829
0.622366	152.836
0.622861	152.842
0.62374	152.849
0.624361	152.855
0.625017	152.862
0.62569	152.868
0.626552	152.875
0.627348	152.882
0.628126	152.888
0.629127	152.895
0.629684	152.901
0.630426	152.908
0.631202	152.915
0.632021	152.921
0.633063	152.928
0.633611	152.934
0.634403	152.941
0.635028	152.947
0.636223	152.954
0.636718	152.961
0.637401	152.967
0.638137	152.974
0.639181	152.98
0.639736	152.987
0.640568	152.993
0.645835	153
0.646546	153.007
0.647151	153.013
0.647486	153.02
0.648187	153.026
0.648799	153.033
0.649845	153.039
0.651052	153.046
0.65176	153.052
0.652676	153.059
0.653316	153.065
0.657821	153.072
0.662529	153.078
0.669592	153.085
0.670299	153.092
0.671244	153.098
0.671879	153.105
0.672562	153.111
0.673089	153.118
0.673703	153.124
0.674528	153.131
0.675261	153.137
0.676079	153.144
0.676908	153.15
0.677644	153.157
0.678388	153.163
0.679126	153.17
0.679909	153.177
0.68063	153.183
0.681791	153.19
0.682498	153.196
0.683318	153.203
0.683926	153.209
0.684691	153.216
0.685314	153.222
0.686131	153.229
0.686842	153.235
0.687925	153.242
0.688459	153.248
0.689265	153.255
0.689934	153.261
0.691022	153.268
0.691657	153.275
0.692289	153.281
0.69329	153.288
0.693826	153.294
0.694673	153.301
0.695493	153.307
0.696455	153.314
0.697109	153.32
0.697832	153.327
0.698637	153.333
0.699405	153.34
0.700514	153.346
0.701248	153.353
0.701876	153.36
0.703821	153.366
0.704349	153.373
0.707334	153.379
0.710793	153.386
0.711761	153.392
0.713085	153.399
0.713845	153.405
0.715152	153.412
0.717534	153.418
0.719677	153.425
0.721043	153.431
0.721779	153.438
0.72254	153.444
0.723399	153.451
0.724076	153.458
0.725131	153.464
0.725718	153.471
0.726541	153.477
0.727352	153.484
0.727953	153.49
0.72879	153.497
0.729581	153.503
0.7304	153.51
0.731634	153.516
0.732149	153.523
0.733038	153.529
0.73375	153.536
0.734881	153.543
0.735626	153.549
0.736471	153.556
0.737603	153.562
0.738262	153.569
0.739447	153.575
0.740622	153.582
0.741628	153.588
0.742489	153.595
0.743645	153.601
0.744562	153.608
0.745693	153.614
0.747102	153.621
0.747614	153.627
0.748002	153.634
0.748368	153.641
0.748856	153.647
0.749888	153.654
0.751028	153.66
0.751746	153.667
0.752478	153.673
0.753579	153.68
0.754112	153.686
0.754791	153.693
0.757138	153.699
0.758397	153.706
0.759104	153.712
0.759907	153.719
0.761295	153.726
0.762983	153.732
0.764329	153.739
0.765674	153.745
0.767763	153.752
0.7691	153.758
0.770836	153.765
0.772044	153.771
0.772673	153.778
0.773498	153.784
0.774343	153.791
0.775065	153.797
0.775711	153.804
0.776531	153.811
0.777277	153.817
0.778072	153.824
0.778734	153.83
0.779832	153.837
0.780424	153.843
0.781133	153.85
0.781802	153.856
0.78254	153.863
0.783372	153.869
0.784144	153.876
0.784961	153.882
0.785738	153.889
0.786742	153.895
0.787294	153.902
0.788135	153.909
0.789271	153.915
0.789752	153.922
0.790501	153.928
0.791098	153.935
0.7919	153.941
0.792616	153.948
0.793379	153.954
0.794239	153.961
0.795009	153.967
0.795812	153.974
0.796597	153.98
0.797652	153.987
0.798432	153.994
0.799283	154
0.800007	154.007
0.801134	154.013
0.801729	154.02
0.802381	154.026
0.802929	154.033
0.807462	154.039
0.811979	154.045
0.813474	154.052
0.814351	154.058
0.814741	154.065
0.815725	154.071
0.816977	154.078
0.818519	154.084
0.820113	154.091
0.821341	154.097
0.822252	154.104
0.823081	154.11
0.823827	154.117
0.824521	154.123
0.825262	154.13
0.826069	154.136
0.826874	154.143
0.827543	154.149
0.828335	154.156
0.829434	154.162
0.829868	154.169
0.830906	154.175
0.831621	154.182
0.832203	154.188
0.833009	154.195
0.833934	154.201
0.834678	154.208
0.835164	154.214
0.835957	154.221
0.836969	154.227
0.837491	154.234
0.838341	154.24
0.839037	154.247
0.840123	154.253
0.840716	154.26
0.841436	154.266
0.842241	154.273
0.843017	154.279
0.843817	154.286
0.844572	154.292
0.845677	154.299
0.846434	154.305
0.846976	154.312
0.847796	154.318
0.849297	154.325
0.850405	154.331
0.851656	154.338
0.852568	154.344
0.853074	154.351
0.85337	154.357
0.854001	154.364
0.858566	154.37
0.863207	154.377
0.863939	154.383
0.864539	154.39
0.865739	154.396
0.86709	154.403
0.86891	154.409
0.870249	154.416
0.871507	154.422
0.872179	154.429
0.873098	154.435
0.873772	154.442
0.874524	154.448
0.875613	154.455
0.876058	154.461
0.876692	154.468
0.877727	154.474
0.878292	154.481
0.879029	154.487
0.880015	154.494
0.880802	154.5
0.881415	154.507
0.882143	154.513
0.882811	154.52
0.883665	154.526
0.884318	154.533
0.885139	154.539
0.886168	154.545
0.886719	154.552
0.887462	154.558
0.888388	154.565
0.889039	154.571
0.889833	154.578
0.890514	154.584
0.891386	154.591
0.892084	154.597
0.892999	154.604
0.893577	154.61
0.894385	154.617
0.895063	154.623
0.895902	154.63
0.896602	154.636
0.897728	154.643
0.89842	154.649
0.899187	154.656
0.899712	154.662
0.90084	154.669
0.901955	154.675
0.902503	154.682
0.903063	154.688
0.90364	154.695
0.907677	154.701
0.912415	154.708
0.913145	154.714
0.914213	154.721
0.91483	154.727
0.916024	154.734
0.917995	154.74
0.91981	154.747
0.92115	154.753
0.922027	154.76
0.92281	154.766
0.92389	154.773
0.924445	154.779
0.925573	154.786
0.926055	154.792
0.926746	154.799
0.927786	154.805
0.928225	154.812
0.928954	154.818
0.929505	154.825
0.930282	154.831
0.930953	154.838
0.931864	154.844
0.932527	154.851
0.933358	154.857
0.934047	154.864
0.934844	154.87
0.936197	154.877
0.936583	154.883
0.937092	154.89
0.937848	154.896
0.938673	154.903
0.939497	154.909
0.940142	154.916
0.940931	154.922
0.941903	154.929
0.942475	154.935
0.94334	154.942
0.944007	154.948
0.945192	154.955
0.945826	154.961
0.946385	154.968
0.94707	154.974
0.948166	154.981
0.948651	154.987
0.949457	154.994
0.950591	155
0.951485	155.006
0.952114	155.013
0.952465	155.019
0.953055	155.026
0.957861	155.032
0.962053	155.039
0.963039	155.045
0.963638	155.052
0.964276	155.058
0.964878	155.065
0.96661	155.071
0.968111	155.077
0.969993	155.084
0.971454	155.09
0.972532	155.097
0.973182	155.103
0.973932	155.11
0.974955	155.116
0.975482	155.123
0.976222	155.129
0.977024	155.136
0.977694	155.142
0.978679	155.148
0.979265	155.155
0.980035	155.161
0.980673	155.168
0.981492	155.174
0.982326	155.181
0.983097	155.187
0.983892	155.194
0.984655	155.2
0.985752	155.206
0.986432	155.213
0.986997	155.219
0.987733	155.226
0.988332	155.232
0.989169	155.239
0.990128	155.245
0.990603	155.252
0.991443	155.258
0.992228	155.265
0.993015	155.271
0.994051	155.277
0.994612	155.284
0.99532	155.29
0.995937	155.297
0.99671	155.303
0.997796	155.31
0.998375	155.316
0.99907	155.323
0.999999	155.329
1.00074	155.336
1.00166	155.342
1.00329	155.348
1.00387	155.355
1.00746	155.361
1.01154	155.368
1.01266	155.374
1.01335	155.381
1.01378	155.387
1.01446	155.394
1.0162	155.4
1.01792	155.406
1.01968	155.413
1.02094	155.419
1.02209	155.426
1.02267	155.432
1.02354	155.439
1.02422	155.445
1.025	155.452
1.0262	155.458
1.02678	155.465
1.02762	155.471
1.02819	155.477
1.02903	155.484
1.02965	155.49
1.03041	155.497
1.0313	155.503
1.032	155.51
1.03286	155.516
1.03353	155.523
1.0343	155.529
1.03526	155.536
1.03603	155.542
1.03679	155.548
1.03739	155.555
1.0382	155.561
1.03921	155.568
1.04015	155.574
1.04154	155.581
1.04204	155.587
1.04351	155.594
1.04407	155.6
1.04452	155.606
1.04494	155.613
1.04535	155.619
1.0458	155.626
1.04643	155.632
1.04713	155.639
1.04783	155.645
1.04854	155.652
1.0496	155.658
1.05017	155.665
1.05094	155.671
1.0515	155.677
1.05224	155.684
1.05277	155.69
1.05739	155.697
1.06225	155.703
1.06296	155.71
1.06372	155.716
1.06428	155.723
1.065	155.729
1.0675	155.736
1.06911	155.742
1.07057	155.748
1.07136	155.755
1.07219	155.761
1.07297	155.768
1.0741	155.774
1.07474	155.781
1.07543	155.787
1.0762	155.794
1.07699	155.8
1.07763	155.806
1.07829	155.813
1.07904	155.819
1.07982	155.826
1.08078	155.832
1.08139	155.839
1.08213	155.845
1.08292	155.852
1.0837	155.858
1.08546	155.865
1.08594	155.871
1.08638	155.877
1.08702	155.884
1.08767	155.89
1.08821	155.897
1.08888	155.903
1.08989	155.91
1.09037	155.916
1.09135	155.923
1.09192	155.929
1.09299	155.936
1.09378	155.942
1.09456	155.948
1.09511	155.955
1.09606	155.961
1.09666	155.968
1.09748	155.974
1.0981	155.981
1.09922	155.987
1.10034	155.994
1.1011	156
1.10201	156.006
1.10256	156.013
1.10315	156.019
1.10754	156.026
1.11305	156.032
1.11386	156.039
1.11437	156.045
1.1148	156.051
1.11535	156.058
1.11662	156.064
1.11796	156.071
1.11963	156.077
1.12098	156.083
1.1216	156.09
1.12238	156.096
1.12325	156.103
1.12393	156.109
1.12483	156.115
1.12577	156.122
1.12642	156.128
1.12884	156.135
1.13045	156.141
1.13097	156.147
1.13143	156.154
1.13193	156.16
1.13233	156.167
1.13273	156.173
1.13312	156.18
1.13351	156.186
1.13391	156.192
1.13432	156.199
1.13495	156.205
1.13594	156.212
1.1367	156.218
1.13723	156.224
1.13818	156.231
1.13874	156.237
1.13948	156.244
1.14037	156.25
1.14112	156.256
1.14182	156.263
1.14261	156.269
1.1434	156.276
1.14424	156.282
1.14501	156.289
1.14577	156.295
1.14646	156.301
1.14718	156.308
1.14798	156.314
1.14873	156.321
1.1496	156.327
1.15071	156.333
1.15149	156.34
1.15217	156.346
1.15332	156.353
1.15382	156.359
1.15813	156.365
1.16477	156.372
1.16531	156.378
1.16665	156.385
1.16732	156.391
1.1692	156.397
1.17078	156.404
1.17263	156.41
1.17368	156.417
1.17412	156.423
1.17452	156.43
1.17528	156.436
1.17606	156.442
1.17675	156.449
1.17746	156.455
1.17854	156.462
1.17932	156.468
1.17996	156.474
1.18061	156.481
1.18179	156.487
1.18241	156.494
1.18313	156.5
1.18386	156.506
1.18461	156.513
1.18577	156.519
1.18654	156.526
1.18729	156.532
1.1881	156.539
1.18895	156.545
1.18973	156.551
1.19059	156.558
1.19137	156.564
1.19233	156.571
1.19311	156.577
1.19386	156.583
1.19501	156.59
1.19566	156.596
1.19637	156.603
1.19808	156.609
1.19861	156.615
1.19919	156.622
1.20027	156.628
1.20139	156.635
1.202	156.641
1.2028	156.647
1.20372	156.654
1.20429	156.66
1.20484	156.667
1.20706	156.673
1.20833	156.68
1.20919	156.686
1.21175	156.692
1.21332	156.699
1.21452	156.705
1.21611	156.712
1.2174	156.718
1.21978	156.724
1.22173	156.731
1.22277	156.737
1.22365	156.744
1.22455	156.75
1.22516	156.756
1.22588	156.763
1.22659	156.769
1.22719	156.776
1.22794	156.782
1.2289	156.789
1.2295	156.795
1.23024	156.801
1.23126	156.808
1.23185	156.814
1.23264	156.821
1.23326	156.827
1.23402	156.833
1.23474	156.84
1.23568	156.846
1.23631	156.853
1.23703	156.859
1.23802	156.865
1.23856	156.872
1.23941	156.878
1.24027	156.885
1.24094	156.891
1.24205	156.897
1.2426	156.904
1.24335	156.91
1.24404	156.917
1.24485	156.923
1.24547	156.93
1.24626	156.936
1.24697	156.942
1.24808	156.949
1.24864	156.955
1.24952	156.962
1.25058	156.968
1.25125	156.974
1.25187	156.981
1.25251	156.987
1.2531	156.994
1.2578	157
1.26135	157.006
1.26277	157.013
1.26338	157.019
1.26413	157.026
1.26521	157.032
1.26691	157.038
1.26857	157.045
1.27055	157.051
1.27175	157.057
1.27245	157.064
1.27322	157.07
1.27393	157.076
1.27479	157.083
1.27546	157.089
1.27627	157.096
1.27715	157.102
1.27786	157.108
1.27864	157.115
1.27938	157.121
1.28021	157.127
1.28142	157.134
1.28187	157.14
1.28261	157.147
1.28319	157.153
1.28395	157.159
1.28456	157.166
1.2855	157.172
1.28601	157.178
1.28675	157.185
1.28753	157.191
1.28859	157.197
1.28918	157.204
1.28988	157.21
1.29055	157.217
1.29163	157.223
1.29219	157.229
1.29305	157.236
1.29389	157.242
1.29449	157.248
1.2952	157.255
1.29611	157.261
1.29662	157.268
1.29758	157.274
1.29842	157.28
1.29907	157.287
1.30103	157.293
1.30148	157.299
1.30189	157.306
1.30245	157.312
1.30317	157.319
1.30724	157.325
1.30995	157.331
1.3107	157.338
1.31145	157.344
1.31224	157.35
1.31316	157.357
1.31443	157.363
1.31577	157.369
1.31721	157.376
1.31919	157.382
1.32089	157.389
1.32221	157.395
1.32288	157.401
1.32376	157.408
1.32433	157.414
1.32512	157.42
1.32619	157.427
1.32676	157.433
1.32748	157.44
1.32843	157.446
1.329	157.452
1.32983	157.459
1.33044	157.465
1.33138	157.471
1.33213	157.478
1.33276	157.484
1.33344	157.49
1.33422	157.497
1.3351	157.503
1.33575	157.51
1.3368	157.516
1.33728	157.522
1.33829	157.529
1.33881	157.535
1.33991	157.541
1.34083	157.548
1.34147	157.554
1.34215	157.561
1.34308	157.567
1.34374	157.573
1.34439	157.58
1.34529	157.586
1.34693	157.592
1.34732	157.599
1.34767	157.605
1.34847	157.612
1.34908	157.618
1.34985	157.624
1.35051	157.631
1.35223	157.637
1.35276	157.643
1.35328	157.65
1.35386	157.656
1.35799	157.662
1.36308	157.669
1.36362	157.675
1.36426	157.682
1.36485	157.688
1.36555	157.694
1.36734	157.701
1.36869	157.707
1.37039	157.713
1.37176	157.72
1.37242	157.726
1.37324	157.733
1.37406	157.739
1.375	157.745
1.37566	157.752
1.37649	157.758
1.37723	157.764
1.37829	157.771
1.37912	157.777
1.37974	157.783
1.38049	157.79
1.38109	157.796
1.38187	157.803
1.38265	157.809
1.38353	157.815
1.38421	157.822
1.38504	157.828
1.38572	157.834
1.38649	157.841
1.38733	157.847
1.38804	157.854
1.38878	157.86
1.38956	157.866
1.39031	157.873
1.39106	157.879
1.39179	157.885
1.39267	157.892
1.39344	157.898
1.39418	157.905
1.39493	157.911
1.39576	157.917
1.39651	157.924
1.39726	157.93
1.39799	157.936
1.39855	157.943
1.39965	157.949
1.40047	157.955
1.40126	157.962
1.40179	157.968
1.40232	157.975
1.40742	157.981
1.41087	157.987
1.41199	157.994
1.41347	158
1.41407	158.006
1.4151	158.013
1.41635	158.019
1.4179	158.025
1.41972	158.032
1.42114	158.038
1.42232	158.044
1.42319	158.051
1.42419	158.057
1.42473	158.063
1.42567	158.07
1.42643	158.076
1.42733	158.082
1.42793	158.089
1.42887	158.095
1.42952	158.101
1.4303	158.108
1.43108	158.114
1.43203	158.12
1.43255	158.127
1.4335	158.133
1.43413	158.139
1.43477	158.146
1.4356	158.152
1.43633	158.158
1.43715	158.165
1.43808	158.171
1.43919	158.177
1.43969	158.184
1.44024	158.19
1.44099	158.196
1.44173	158.203
1.44271	158.209
1.44348	158.215
1.44429	158.222
1.44482	158.228
1.44558	158.234
1.44663	158.241
1.44751	158.247
1.44802	158.253
1.4489	158.26
1.44959	158.266
1.45068	158.272
1.45135	158.279
1.45218	158.285
1.45306	158.291
1.45365	158.298
1.45788	158.304
1.46176	158.31
1.46362	158.316
1.46418	158.323
1.46455	158.329
1.46605	158.335
1.46734	158.342
1.46894	158.348
1.47057	158.354
1.47193	158.361
1.47303	158.367
1.47351	158.373
1.47451	158.38
1.47514	158.386
1.47589	158.392
1.47672	158.399
1.47767	158.405
1.4786	158.411
1.47923	158.418
1.48002	158.424
1.48106	158.43
1.48162	158.437
1.48293	158.443
1.48354	158.449
1.48399	158.456
1.48496	158.462
1.48549	158.468
1.48635	158.475
1.48719	158.481
1.48785	158.487
1.48885	158.494
1.48937	158.5
1.49016	158.506
1.49093	158.513
1.49172	158.519
1.49245	158.525
1.49326	158.532
1.49404	158.538
1.4948	158.544
1.49593	158.551
1.49635	158.557
1.49735	158.563
1.49816	158.57
1.49891	158.576
1.4996	158.582
1.50037	158.589
1.50105	158.595
1.50179	158.601
1.50244	158.608
1.50296	158.614
1.50762	158.62
1.51069	158.627
1.5114	158.633
1.51237	158.639
1.51358	158.646
1.51488	158.652
1.51632	158.658
1.51776	158.665
1.51925	158.671
1.52083	158.677
1.52228	158.684
1.52323	158.69
1.52396	158.696
1.52479	158.703
1.52562	158.709
1.52639	158.715
1.52724	158.722
1.5281	158.728
1.52883	158.734
1.52948	158.741
1.53032	158.747
1.53136	158.753
1.53214	158.76
1.5327	158.766
1.53335	158.772
1.53393	158.779
1.53476	158.785
1.53537	158.791
1.53623	158.798
1.53688	158.804
1.53763	158.81
1.53881	158.816
1.53944	158.823
1.54015	158.829
1.54087	158.835
1.54142	158.842
1.54216	158.848
1.54302	158.854
1.54379	158.861
1.54453	158.867
1.54531	158.873
1.5463	158.88
1.54763	158.886
1.54808	158.892
1.54837	158.899
1.54909	158.905
1.55035	158.911
1.55097	158.918
1.55167	158.924
1.55217	158.93
1.55263	158.937
1.55755	158.943
1.56025	158.949
1.56089	158.956
1.56151	158.962
1.56263	158.968
1.56374	158.975
1.56482	158.981
1.5657	158.987
1.56698	158.994
1.56873	159
1.57037	159.006
1.5717	159.013
1.57229	159.019
1.57317	159.025
1.57379	159.031
1.57486	159.038
1.57544	159.044
1.57606	159.05
1.57722	159.057
1.57812	159.063
1.57881	159.069
1.57946	159.076
1.58014	159.082
1.58076	159.088
1.58177	159.094
1.58232	159.101
1.5832	159.107
1.58382	159.113
1.58468	159.12
1.58541	159.126
1.5862	159.132
1.58696	159.138
1.58776	159.145
1.58853	159.151
1.58933	159.157
1.59037	159.164
1.59095	159.17
1.59175	159.176
1.59227	159.182
1.59306	159.189
1.59415	159.195
1.59471	159.201
1.5955	159.208
1.5962	159.214
1.59709	159.22
1.59829	159.226
1.59923	159.233
1.60023	159.239
1.6008	159.245
1.60194	159.252
1.60257	159.258
1.60339	159.264
1.60395	159.27
1.6048	159.277
1.60857	159.283
1.61318	159.289
1.61399	159.296
1.6147	159.302
1.61538	159.308
1.616	159.315
1.6176	159.321
1.61933	159.327
1.62068	159.333
1.62208	159.34
1.62306	159.346
1.62359	159.352
1.62433	159.359
1.62517	159.365
1.62594	159.371
1.62675	159.377
1.62748	159.384
1.6282	159.39
1.62903	159.396
1.62982	159.403
1.63059	159.409
1.6317	159.415
1.63226	159.421
1.63298	159.428
1.6337	159.434
1.6347	159.44
1.63573	159.447
1.63614	159.453
1.63691	159.459
1.63755	159.465
1.63856	159.472
1.63914	159.478
1.63998	159.484
1.64083	159.491
1.64134	159.497
1.64215	159.503
1.64293	159.509
1.64375	159.516
1.64446	159.522
1.64519	159.528
1.64626	159.535
1.64712	159.541
1.64762	159.547
1.64845	159.554
1.64916	159.56
1.64991	159.566
1.65129	159.572
1.65223	159.579
1.65291	159.585
1.65358	159.591
1.65773	159.598
1.66077	159.604
1.66177	159.61
1.6624	159.616
1.66315	159.623
1.66383	159.629
1.66499	159.635
1.66628	159.642
1.66822	159.648
1.66983	159.654
1.67121	159.66
1.67218	159.667
1.67299	159.673
1.6738	159.679
1.67457	159.686
1.67533	159.692
1.67606	159.698
1.67687	159.704
1.67757	159.711
1.67837	159.717
1.67906	159.723
1.68019	159.73
1.68103	159.736
1.68148	159.742
1.68235	159.748
1.68303	159.755
1.68385	159.761
1.6847	159.767
1.68537	159.774
1.68639	159.78
1.687	159.786
1.68774	159.792
1.68856	159.799
1.68945	159.805
1.69033	159.811
1.69087	159.818
1.69169	159.824
1.69238	159.83
1.69335	159.837
1.69392	159.843
1.69491	159.849
1.69552	159.855
1.69649	159.862
1.69701	159.868
1.69812	159.874
1.6989	159.881
1.69949	159.887
1.70009	159.893
1.70093	159.899
1.70228	159.906
1.70297	159.912
1.70339	159.918
1.70828	159.925
1.71218	159.931
1.71351	159.937
1.71413	159.943
1.71457	159.95
1.71571	159.956
1.71671	159.962
1.71859	159.969
1.71998	159.975
1.72133	159.981
1.7222	159.987
1.72309	159.994
1.72397	160
1.72455	160.006
1.72569	160.013
1.72624	160.019
1.72685	160.025
1.72793	160.031
1.72854	160.038
1.72946	160.044
1.73026	160.05
1.73096	160.056
1.73175	160.063
1.73284	160.069
1.73345	160.075
1.73422	160.081
1.7348	160.088
1.73582	160.094
1.73641	160.1
1.73728	160.106
1.73785	160.113
1.73891	160.119
1.73952	160.125
1.74033	160.131
1.74106	160.138
1.74183	160.144
1.74267	160.15
1.74338	160.156
1.74423	160.163
1.74494	160.169
1.74565	160.175
1.74641	160.181
1.74719	160.188
1.74785	160.194
1.74873	160.2
1.74936	160.206
1.75056	160.213
1.75145	160.219
1.75215	160.225
1.75252	160.231
1.75317	160.238
1.75762	160.244
1.76192	160.25
1.76294	160.256
1.76368	160.263
1.76439	160.269
1.76535	160.275
1.76666	160.281
1.76793	160.288
1.76968	160.294
1.77109	160.3
1.77236	160.306
1.77319	160.313
1.77377	160.319
1.77453	160.325
1.77529	160.331
1.77617	160.338
1.77692	160.344
1.77762	160.35
1.77846	160.356
1.77925	160.363
1.78001	160.369
1.7807	160.375
1.78176	160.381
1.78231	160.388
1.78322	160.394
1.78417	160.4
1.7847	160.406
1.78567	160.413
1.78648	160.419
1.78697	160.425
1.78772	160.431
1.78963	160.438
1.78996	160.444
1.79025	160.45
1.79123	160.456
1.79166	160.463
1.79224	160.469
1.79293	160.475
1.79399	160.481
1.79453	160.488
1.79524	160.494
1.79619	160.5
1.79673	160.506
1.79754	160.513
1.79834	160.519
1.79893	160.525
1.79979	160.531
1.80094	160.538
1.80141	160.544
1.80192	160.55
1.80246	160.556
1.80731	160.563
1.81104	160.569
1.81191	160.575
1.81344	160.581
1.81473	160.588
1.81544	160.594
1.81632	160.6
1.81755	160.606
1.81934	160.613
1.82099	160.619
1.82228	160.625
1.82313	160.631
1.82388	160.638
1.82464	160.644
1.82537	160.65
1.82613	160.656
1.82693	160.663
1.82796	160.669
1.82848	160.675
1.82918	160.681
1.83023	160.688
1.83091	160.694
1.83144	160.7
1.83233	160.706
1.833	160.713
1.83376	160.719
1.83445	160.725
1.83539	160.731
1.83595	160.738
1.83689	160.744
1.83743	160.75
1.83837	160.756
1.83892	160.763
1.83986	160.769
1.8404	160.775
1.84116	160.781
1.84219	160.788
1.84298	160.794
1.84371	160.8
1.84442	160.806
1.8452	160.813
1.8459	160.819
1.84678	160.825
1.84766	160.831
1.84846	160.838
1.84897	160.844
1.84974	160.85
1.85093	160.856
1.85161	160.863
1.85201	160.869
1.85256	160.875
1.85783	160.881
1.86051	160.888
1.86118	160.894
1.86195	160.9
1.86313	160.906
1.86406	160.913
1.8652	160.919
1.8666	160.925
1.86769	160.931
1.86936	160.938
1.8708	160.944
1.87217	160.95
1.87364	160.956
1.87409	160.963
1.87447	160.969
1.87516	160.975
1.87614	160.981
1.87685	160.988
1.87755	160.994
1.8783	161
1.87919	161.006
1.87993	161.012
1.88059	161.019
1.88136	161.025
1.88212	161.031
1.88304	161.037
1.88365	161.044
1.88464	161.05
1.88521	161.056
1.886	161.062
1.88697	161.068
1.88752	161.075
1.88828	161.081
1.88928	161.087
1.88982	161.093
1.89091	161.099
1.89172	161.106
1.89235	161.112
1.89316	161.118
1.89405	161.124
1.89478	161.13
1.8956	161.137
1.89636	161.143
1.89766	161.149
1.89839	161.155
1.8987	161.162
1.89934	161.168
1.90002	161.174
1.90078	161.18
1.90159	161.186
1.90246	161.193
1.90301	161.199
1.90773	161.205
1.91225	161.211
1.91351	161.217
1.91428	161.224
1.91503	161.23
1.91664	161.236
1.91773	161.242
1.91983	161.248
1.92113	161.255
1.92228	161.261
1.92295	161.267
1.92397	161.273
1.9246	161.28
1.92524	161.286
1.92642	161.292
1.92708	161.298
1.92778	161.304
1.9285	161.311
1.92927	161.317
1.92988	161.323
1.93051	161.329
1.93159	161.335
1.93202	161.342
1.93283	161.348
1.93358	161.354
1.93438	161.36
1.93514	161.367
1.93676	161.373
1.93722	161.379
1.93759	161.385
1.93827	161.391
1.93922	161.398
1.93984	161.404
1.94047	161.41
1.94146	161.416
1.94208	161.422
1.94281	161.429
1.94366	161.435
1.94434	161.441
1.94533	161.447
1.94589	161.453
1.94672	161.46
1.94773	161.466
1.9483	161.472
1.94938	161.478
1.95005	161.485
1.95114	161.491
1.95167	161.497
1.95229	161.503
1.95308	161.509
1.95753	161.516
1.96026	161.522
1.96089	161.528
1.9616	161.534
1.96294	161.54
1.96377	161.547
1.96479	161.553
1.96636	161.559
1.9677	161.565
1.96926	161.571
1.97068	161.578
1.97199	161.584
1.97266	161.59
1.97349	161.596
1.9741	161.603
1.97489	161.609
1.97573	161.615
1.97679	161.621
1.97757	161.627
1.97814	161.634
1.97891	161.64
1.97989	161.646
1.9804	161.652
1.98122	161.658
1.98251	161.665
1.98317	161.671
1.98379	161.677
1.9845	161.683
1.98546	161.689
1.98612	161.696
1.98685	161.702
1.98747	161.708
1.98827	161.714
1.98941	161.721
1.98996	161.727
1.99076	161.733
1.99132	161.739
1.99212	161.745
1.99281	161.752
1.99358	161.758
1.99468	161.764
1.99524	161.77
1.99607	161.776
1.99701	161.783
1.99759	161.789
1.99833	161.795
1.99919	161.801
2.0002	161.807
2.00167	161.814
2.00214	161.82
2.00266	161.826
2.00317	161.832
2.00742	161.839
2.01059	161.845
2.01146	161.851
2.01239	161.857
2.01337	161.863
2.01466	161.87
2.01553	161.876
2.01712	161.882
2.01856	161.888
2.01991	161.894
2.02152	161.901
2.02224	161.907
2.02295	161.913
2.02402	161.919
2.02494	161.926
2.02551	161.932
2.02626	161.938
2.02723	161.944
2.02754	161.95
2.02837	161.957
2.02905	161.963
2.0299	161.969
2.03058	161.975
2.03134	161.981
2.03214	161.988
2.03286	161.994
2.03402	162
2.03476	162.006
2.03532	162.012
2.03608	162.019
2.03674	162.025
2.03784	162.031
2.0385	162.037
2.03915	162.043
2.0399	162.049
2.04064	162.056
2.04135	162.062
2.04285	162.068
2.04333	162.074
2.04381	162.08
2.04438	162.086
2.04517	162.093
2.04583	162.099
2.04682	162.105
2.04738	162.111
2.0483	162.117
2.04926	162.124
2.04988	162.13
2.05097	162.136
2.05163	162.142
2.05223	162.148
2.05274	162.154
2.05734	162.161
2.06124	162.167
2.06221	162.173
2.06332	162.179
2.06395	162.185
2.0656	162.191
2.06662	162.198
2.06806	162.204
2.06966	162.21
2.0714	162.216
2.07235	162.222
2.07309	162.228
2.07443	162.235
2.07497	162.241
2.07575	162.247
2.07657	162.253
2.0772	162.259
2.07827	162.265
2.07885	162.272
2.07974	162.278
2.08052	162.284
2.08117	162.29
2.08182	162.296
2.0826	162.303
2.08337	162.309
2.08437	162.315
2.08487	162.321
2.08565	162.327
2.08671	162.333
2.0876	162.34
2.08803	162.346
2.08878	162.352
2.08983	162.358
2.09064	162.364
2.09109	162.37
2.09198	162.377
2.09274	162.383
2.0937	162.389
2.09424	162.395
2.09503	162.401
2.09573	162.407
2.09674	162.414
2.09728	162.42
2.09807	162.426
2.09899	162.432
2.09975	162.438
2.10063	162.444
2.10129	162.451
2.10196	162.457
2.10248	162.463
2.10745	162.469
2.11003	162.475
2.11078	162.482
2.11173	162.488
2.11263	162.494
2.11372	162.5
2.11484	162.506
2.11599	162.512
2.11754	162.519
2.11913	162.525
2.12071	162.531
2.12201	162.537
2.12275	162.543
2.12343	162.549
2.1244	162.556
2.1253	162.562
2.12641	162.568
2.12764	162.574
2.12808	162.58
2.12841	162.586
2.12905	162.593
2.12958	162.599
2.13037	162.605
2.13094	162.611
2.13192	162.617
2.13245	162.624
2.13356	162.63
2.1343	162.636
2.13484	162.642
2.13598	162.648
2.13649	162.654
2.13726	162.661
2.13801	162.667
2.13881	162.673
2.13961	162.679
2.14037	162.685
2.14106	162.691
2.14209	162.698
2.14292	162.704
2.14346	162.71
2.14419	162.716
2.14519	162.722
2.14569	162.728
2.14657	162.735
2.14747	162.741
2.1481	162.747
2.14877	162.753
2.14958	162.759
2.15076	162.765
2.15209	162.772
2.15258	162.778
2.15289	162.784
2.15336	162.79
2.15775	162.796
2.16106	162.803
2.16167	162.809
2.16261	162.815
2.16377	162.821
2.16507	162.827
2.16615	162.833
2.16794	162.84
2.16995	162.846
2.17129	162.852
2.17257	162.858
2.17335	162.864
2.17391	162.87
2.17472	162.877
2.17539	162.883
2.17624	162.889
2.17722	162.895
2.1779	162.901
2.17891	162.907
2.17942	162.914
2.18041	162.92
2.18099	162.926
2.18217	162.932
2.18274	162.938
2.1835	162.944
2.18405	162.951
2.18483	162.957
2.18532	162.963
2.18629	162.969
2.18709	162.975
2.18766	162.982
2.18858	162.988
2.18922	162.994
2.18986	163
2.19066	163.006
2.19152	163.012
2.19224	163.018
2.19298	163.025
2.19399	163.031
2.19452	163.037
2.19533	163.043
2.19612	163.049
2.19728	163.055
2.19767	163.061
2.19845	163.068
2.19923	163.074
2.20038	163.08
2.20091	163.086
2.2017	163.092
2.20228	163.098
2.20299	163.104
2.20768	163.11
2.212	163.117
2.21366	163.123
2.21455	163.129
2.21579	163.135
2.21712	163.141
2.21873	163.147
2.22022	163.153
2.22157	163.16
2.22262	163.166
2.22374	163.172
2.22465	163.178
2.22515	163.184
2.22814	163.19
2.22859	163.196
2.22902	163.202
2.22939	163.209
2.22977	163.215
2.23011	163.221
2.23046	163.227
2.23131	163.233
2.23173	163.239
2.23292	163.245
2.23376	163.252
2.23423	163.258
2.2351	163.264
2.23602	163.27
2.23663	163.276
2.23757	163.282
2.23835	163.288
2.23907	163.295
2.24015	163.301
2.24042	163.307
2.24091	163.313
2.24156	163.319
2.24206	163.325
2.24235	163.331
2.24281	163.337
2.24333	163.344
2.24405	163.35
2.24425	163.356
2.24487	163.362
2.24542	163.368
2.24596	163.374
2.24648	163.38
2.24692	163.387
2.24754	163.393
2.24819	163.399
2.24896	163.405
2.24947	163.411
2.25004	163.417
2.25051	163.423
2.25122	163.429
2.25192	163.436
2.25228	163.442
2.2526	163.448
2.25309	163.454
2.2536	163.46
2.25419	163.466
2.25658	163.472
2.25707	163.479
2.25766	163.485
2.25808	163.491
2.25863	163.497
2.25913	163.503
2.25979	163.509
2.2603	163.515
2.26088	163.522
2.2617	163.528
2.26304	163.534
2.26366	163.54
2.26434	163.546
2.26519	163.552
2.26589	163.558
2.26748	163.564
2.26844	163.571
2.26914	163.577
2.27022	163.583
2.27118	163.589
2.2716	163.595
2.2723	163.601
2.27273	163.607
2.27322	163.614
2.27374	163.62
2.2744	163.626
2.27486	163.632
2.2754	163.638
2.27598	163.644
2.27662	163.65
2.27679	163.656
2.27764	163.663
2.27831	163.669
2.27881	163.675
2.2793	163.681
2.27949	163.687
2.28034	163.693
2.28089	163.699
2.28142	163.706
2.28202	163.712
2.28258	163.718
2.28322	163.724
2.28338	163.73
2.28405	163.736
2.28451	163.742
2.28509	163.749
2.28524	163.755
2.28595	163.761
2.28637	163.767
2.28689	163.773
2.28736	163.779
2.2877	163.785
2.28826	163.791
2.28878	163.798
2.28932	163.804
2.28983	163.81
2.29038	163.816
2.29084	163.822
2.29106	163.828
2.29166	163.834
2.29219	163.841
2.29267	163.847
2.29316	163.853
2.29361	163.859
2.29423	163.865
2.29446	163.871
2.29504	163.877
2.29552	163.883
2.29603	163.89
2.29666	163.896
2.29689	163.902
2.29741	163.908
2.29804	163.914
2.29852	163.92
2.29919	163.926
2.29991	163.933
2.30003	163.939
2.30065	163.945
2.30117	163.951
2.30177	163.957
2.30231	163.963
2.30286	163.969
2.30348	163.976
2.3041	163.982
2.30474	163.988
2.30507	163.994
2.30554	164
2.30603	164.006
2.30648	164.012
2.30706	164.018
2.30759	164.024
2.30829	164.031
2.3089	164.037
2.30938	164.043
2.30985	164.049
2.31038	164.055
2.31093	164.061
2.3112	164.067
2.31174	164.073
2.31225	164.079
2.31276	164.085
2.3133	164.092
2.31356	164.098
2.3141	164.104
2.31467	164.11
2.31517	164.116
2.31554	164.122
2.31594	164.128
2.31676	164.134
2.31744	164.14
2.31758	164.146
2.31788	164.152
2.3184	164.159
2.31899	164.165
2.3195	164.171
2.31985	164.177
2.32031	164.183
2.32082	164.189
2.32142	164.195
2.32175	164.201
2.32242	164.207
2.32279	164.213
2.323	164.22
2.32355	164.226
2.32425	164.232
2.32463	164.238
2.32514	164.244
2.32527	164.25
