segment	rtt	rttvar	srtt	rto
1	3.59406	1.79703	3.59406	200
2	3.8821	1.41978	3.63006	200
3	4.8859	1.3788	3.78704	200
4	3.63383	1.2256	3.77747	200
5	4.11205	1.11422	3.79838	200
6	4.53582	1.08282	3.82911	200
7	4.99137	1.08944	3.87753	200
8	3.40971	1.05059	3.86291	200
9	4.41139	1.01921	3.88005	200
10	5.08767	1.02863	3.91025	200
11	5.97735	1.08055	3.96192	200
12	5.48177	1.09886	3.99359	200
13	6.10724	1.14114	4.03762	200
14	6.47224	1.18734	4.0811	200
15	7.65734	1.27265	4.14496	200
16	7.22412	1.32911	4.19307	200
17	7.84939	1.40183	4.2502	200
18	7.53203	1.45406	4.29578	200
19	8.05256	1.51802	4.34796	200
20	8.04183	1.57242	4.39413	200
21	9.45352	1.65959	4.45737	200
22	8.89782	1.72279	4.50783	200
23	9.10826	1.78819	4.56011	200
24	8.85572	1.84043	4.60486	200
25	9.81587	1.91065	4.65914	200
26	9.71313	1.9711	4.70773	200
27	10.6003	2.04651	4.76439	200
28	10.5945	2.11408	4.81645	200
29	11.2788	2.19172	4.87415	200
30	10.8392	2.25461	4.92386	200
31	11.3919	2.32484	4.97776	200
32	11.4	2.38886	5.02793	200
33	12.0614	2.46143	5.08288	200
34	12.4132	2.53303	5.13678	200
35	12.7697	2.60803	5.1929	200
36	13.0898	2.68149	5.24774	200
37	13.818	2.76327	5.30726	200
38	14.5628	2.8487	5.36815	200
39	14.7817	2.93508	5.43008	200
40	14.7095	3.01438	5.48808	200
41	15.5071	3.10194	5.5507	200
42	14.895	3.17625	5.60632	200
43	15.6567	3.25809	5.66614	200
44	16.2558	3.3414	5.72631	200
45	17.0201	3.43177	5.79048	200
46	18.4623	3.53221	5.85935	200
47	19.4392	3.64142	5.93315	200
48	20.0004	3.75002	6.00642	200
49	21.22	3.86943	6.08566	200
50	21.138	3.98126	6.16092	200
51	21.7172	4.09701	6.2387	200
52	22.3596	4.21263	6.3162	200
53	22.8405	4.33101	6.39565	200
54	22.3213	4.43837	6.46938	200
55	22.718	4.54772	6.5446	200
56	26.0055	4.68088	6.63148	200
57	27.9059	4.82903	6.72646	200
58	31.6363	5.00214	6.83383	200
59	38.6524	5.23332	6.97097	200
60	50.006	5.54833	7.15029	200
61	50.5902	5.8641	7.33129	200
62	50.4935	6.16489	7.50533	200
63	51.0341	6.46621	7.68085	200
64	51.6488	6.75919	7.8526	200
65	52.4953	7.05516	8.02698	200
66	52.576	7.3392	8.19573	200
67	53.4012	7.62607	8.36696	200
68	53.5367	7.90212	8.53303	200
69	54.0364	8.1786	8.70032	200
70	54.4976	8.44731	8.86388	200
71	55.0899	8.71716	9.02897	200
72	55.1637	8.977	9.18916	200
73	56.162	9.24086	9.35226	200
74	56.1965	9.49494	9.51052	200
75	57.1277	9.75252	9.67139	200
76	56.1775	9.99432	9.82437	200
77	56.88	10.2381	9.97916	200
78	57.4832	10.477	10.1314	200
79	58.2133	10.7181	10.2855	200
80	58.3591	10.9516	10.4358	200
81	59.1783	11.1877	10.5881	200
82	59.1046	11.4154	10.736	200
83	59.8033	11.6449	10.8856	200
84	59.8095	11.8668	11.0312	200
85	60.3354	12.0897	11.1779	200
86	64.4625	12.3292	11.3328	200
87	77.618	12.6429	11.5255	200
88	79.4105	12.9568	11.7184	200
89	79.848	13.2702	11.9119	200
90	79.6586	13.5729	12.1001	200
91	80.4093	13.877	12.2899	200
92	79.1983	14.1652	12.4717	200
93	79.628	14.4532	12.6542	200
94	79.6145	14.7325	12.8322	200
95	80.4525	15.0138	13.0121	200
96	80.4623	15.2869	13.1877	200
97	81.3782	15.5625	13.3653	200
98	80.6853	15.8265	13.5371	200
99	81.6338	16.0932	13.7108	200
100	81.6226	16.3523	13.8806	200
101	82.5043	16.6137	14.0521	200
102	83.3477	16.8719	14.222	200
103	83.849	17.1305	14.3926	200
104	83.3244	17.3796	14.5583	200
105	84.1127	17.6304	14.7255	200
106	84.2078	17.875	14.8894	200
107	85.0524	18.1216	15.0549	200
108	85.4028	18.3634	15.2177	200
109	86.1651	18.6068	15.3819	200
110	86.4972	18.8455	15.5436	200
111	87.4475	19.0867	15.707	200
112	84.6942	19.3095	15.861	200
113	85.204	19.5328	16.0157	200
114	84.3403	19.7468	16.1656	200
115	84.9209	19.9618	16.3164	200
116	81.1148	20.155	16.456	200
117	81.777	20.3497	16.5968	200
118	75.9516	20.515	16.7225	200
119	76.9393	20.6832	16.8501	200
120	65.8257	20.8011	16.9522	200
121	67.0104	20.923	17.0564	200
122	67.2173	21.0428	17.1592	200
123	67.7924	21.1641	17.263	200
124	67.9979	21.2834	17.3653	200
125	68.4802	21.4036	17.4683	200
126	72.4136	21.5367	17.5773	200
127	85.7657	21.7219	17.7126	200
128	92.2856	21.9283	17.8583	200
129	92.9818	22.1361	18.005	200
130	92.6454	22.3381	18.1486	200
131	93.1327	22.5405	18.2928	200
132	93.0951	22.7385	18.4344	200
133	93.8584	22.9381	18.5773	200
134	93.8441	23.1333	18.7177	200
135	94.6034	23.3302	18.8593	200
136	94.4988	23.5225	18.9983	200
137	95.2906	23.7165	19.1386	200
138	95.6248	23.9077	19.2771	200
139	96.5741	24.1011	19.4172	200
140	96.2219	24.2893	19.5543	200
141	96.8619	24.4787	19.6924	200
142	97.0902	24.665	19.8286	200
143	97.8952	24.8531	19.9661	200
144	97.7928	25.037	20.1012	200
145	98.5823	25.2226	20.2374	200
146	98.3474	25.4037	20.3712	200
147	99.1266	25.5864	20.506	200
148	98.9748	25.7651	20.6386	200
149	99.6227	25.9448	20.772	200
150	99.8367	26.1219	20.9038	200
151	100.669	26.3007	21.0367	200
152	101.136	26.4777	21.1685	200
153	101.853	26.656	21.3012	200
154	101.914	26.8312	21.432	200
155	102.684	27.0079	21.5639	200
156	102.689	27.1813	21.6939	200
157	103.424	27.3562	21.8249	200
158	103.495	27.528	21.9541	200
159	104.271	27.7014	22.0844	200
160	108.252	27.8841	22.219	200
161	122.928	28.1117	22.3764	200
162	126.023	28.3449	22.5363	200
163	126.714	28.5789	22.6971	200
164	126.564	28.8084	22.8554	200
165	127.102	29.0384	23.0144	200
166	126.845	29.2637	23.1707	200
167	127.776	29.4906	23.3283	200
168	128.005	29.7144	23.484	200
169	128.61	29.9389	23.6405	200
170	128.782	30.16	23.7951	200
171	129.504	30.3822	23.9505	200
172	125.442	30.589	24.0981	200
173	126.247	30.797	24.2465	200
174	113.748	30.9657	24.3751	200
175	114.497	31.1357	24.5046	200
176	112.638	31.2976	24.6298	200
177	113.385	31.4608	24.7559	200
178	113.921	31.6229	24.8811	200
179	114.427	31.7856	25.0069	200
180	114.737	31.9466	25.1315	200
181	115.494	32.1088	25.257	200
182	115.579	32.2688	25.3811	200
183	116.242	32.4297	25.5059	200
184	116.781	32.5896	25.6299	200
185	117.526	32.7508	25.7548	200
186	117.831	32.9103	25.8785	200
187	118.616	33.0711	26.0032	200
188	118.547	33.2293	26.1262	200
189	119.159	33.3883	26.2499	200
190	119.358	33.5455	26.3724	200
191	120.512	33.7049	26.4963	200
192	120.049	33.8608	26.6181	200
193	121.058	34.0185	26.7411	200
194	120.868	34.1735	26.8624	200
195	121.475	34.3292	26.9843	200
196	121.547	34.4829	27.1049	200
197	122.386	34.638	27.2265	200
198	125.73	34.7993	27.3508	200
199	137.557	34.9897	27.49	200
200	144.975	35.1959	27.6368	200
201	145.776	35.4033	27.7845	200
202	145.455	35.6069	27.9301	200
203	145.91	35.8108	28.0762	200
204	145.22	36.0102	28.2197	200
205	145.721	36.2099	28.3637	200
206	146.441	36.4086	28.507	200
207	146.948	36.6077	28.6508	200
208	147.165	36.8046	28.7932	200
209	147.757	37.0021	28.9362	200
210	148.008	37.1975	29.0779	200
211	148.547	37.3934	29.2202	200
212	148.587	37.5867	29.3609	200
213	149.282	37.7809	29.5023	200
214	149.886	37.9739	29.643	200
215	150.394	38.1673	29.784	200
216	150.063	38.3574	29.9233	200
217	150.344	38.5473	30.0626	200
218	150.048	38.7341	30.2002	200
219	151.512	38.9235	30.3393	200
220	151.111	39.1095	30.4766	200
221	151.409	39.2955	30.614	200
222	151.569	39.4794	30.7502	200
223	152.061	39.6637	30.8868	200
224	152.154	39.8459	31.0222	200
225	152.753	40.0287	31.158	200
226	153.094	40.2099	31.2929	200
227	153.735	40.3918	31.4284	200
228	153.549	40.571	31.5623	200
229	154.39	40.7514	31.6969	200
230	154.743	40.9303	31.8307	200
231	155.509	41.1102	31.9651	200
232	155.406	41.2876	32.0981	200
233	156.157	41.466	32.2318	200
234	155.981	41.6418	32.364	200
235	161.068	41.8279	32.5015	200
236	175.563	42.0423	32.6531	200.822
237	180.507	42.2665	32.8097	201.876
238	180.295	42.4876	32.9646	202.915
239	180.858	42.709	33.12	203.956
240	180.571	42.9272	33.2736	204.982
241	181.521	43.1466	33.428	206.015
242	180.824	43.362	33.5803	207.028
243	180.965	43.577	33.7325	208.04
244	180.95	43.7893	33.8834	209.041
245	182.243	44.0036	34.0354	210.05
246	182.262	44.2155	34.186	211.048
247	182.611	44.4273	34.3369	212.046
248	182.922	44.6373	34.4866	213.036
249	183.45	44.8476	34.6368	214.027
250	183.771	45.0562	34.7859	215.011
251	184.576	45.2656	34.9357	215.998
252	180.596	45.4648	35.0802	216.94
253	181.402	45.6649	35.2254	217.885
254	169.55	45.8395	35.3576	218.715
255	170.387	46.015	35.4905	219.551
256	163.297	46.1748	35.6153	220.314
257	163.685	46.3347	35.7404	221.079
258	164.1	46.4937	35.8648	221.84
259	164.601	46.6531	35.9895	222.602
260	164.708	46.8109	36.1133	223.357
261	165.385	46.9695	36.2376	224.115
262	165.573	47.1267	36.361	224.868
263	167.021	47.2861	36.4857	225.63
264	166.929	47.4436	36.6092	226.383
265	167.482	47.6016	36.7331	227.139
266	167.336	47.7576	36.8559	227.886
267	167.956	47.9143	36.9791	228.636
268	168.006	48.0693	37.1013	229.379
269	168.742	48.2252	37.2241	230.125
270	168.607	48.3792	37.3458	230.863
271	169.363	48.5341	37.468	231.604
272	169.183	48.687	37.5891	232.337
273	172.788	48.8461	37.7133	233.098
274	179.299	49.0153	37.8425	233.904
275	192.643	49.2083	37.9837	234.817
276	192.463	49.399	38.1237	235.72
277	192.876	49.5899	38.2638	236.623
278	192.333	49.7778	38.4024	237.514
279	192.731	49.9658	38.5412	238.405
280	192.686	50.1519	38.6788	239.286
281	193.619	50.339	38.8172	240.173
282	193.834	50.5246	38.9546	241.053
283	194.337	50.7105	39.0923	241.934
284	194.406	50.8947	39.229	242.808
285	195.364	51.08	39.3665	243.686
286	195.275	51.2632	39.5028	244.556
287	195.865	51.447	39.6395	245.427
288	195.66	51.6285	39.7749	246.289
289	196.903	51.8117	39.9113	247.158
290	196.687	51.9927	40.0464	248.017
291	197.372	52.1743	40.1821	248.879
292	197.532	52.3544	40.3168	249.734
293	198.541	52.5356	40.4522	250.595
294	198.574	52.7152	40.5867	251.448
295	199.072	52.8951	40.7215	252.302
296	198.709	53.0726	40.8549	253.145
297	199.331	53.2507	40.9888	253.991
298	199.264	53.4269	41.1215	254.829
299	199.918	53.6037	41.2548	255.669
300	199.757	53.7785	41.3868	256.501
301	200.394	53.9539	41.5193	257.335
302	200.258	54.1285	41.6516	258.166
303	200.779	54.3035	41.7842	258.998
304	201.466	54.4791	41.9173	259.834
305	201.971	54.6563	42.0516	260.677
306	202.349	54.8335	42.186	261.52
307	202.892	55.0124	42.3218	262.371
308	202.751	55.1904	42.4573	263.219
309	203.252	55.37	42.594	264.074
310	203.316	55.5492	42.7307	264.928
311	207.692	55.7418	42.8759	265.843
312	220.859	55.9586	43.0337	266.868
313	222.111	56.1769	43.1924	267.9
314	221.877	56.3941	43.3508	268.927
315	222.469	56.6117	43.5096	269.956
316	222.172	56.8281	43.668	270.98
317	222.582	57.0446	43.8266	272.005
318	222.219	57.2597	43.9848	273.024
319	222.747	57.4751	44.1433	274.044
320	218.488	57.6824	44.2978	275.027
321	218.889	57.8896	44.4526	276.011
322	204.742	58.0712	44.5947	276.879
323	205.033	58.254	44.738	277.754
324	201.634	58.434	44.8811	278.617
325	202.103	58.6143	45.0246	279.482
326	201.76	58.7933	45.1676	280.341
327	202.102	58.9724	45.3107	281.2
328	202.227	59.1511	45.4539	282.058
329	202.68	59.3301	45.5974	282.918
330	202.853	59.5088	45.7409	283.776
331	203.135	59.6887	45.8855	284.641
332	203.291	59.8684	46.0302	285.504
333	203.573	60.0492	46.1761	286.373
334	203.458	60.2293	46.3217	287.239
335	203.877	60.4109	46.4687	288.112
336	203.514	60.5912	46.6152	288.98
337	203.93	60.773	46.763	289.855
338	203.871	60.9541	46.9107	290.727
339	204.842	61.1377	47.0602	291.611
340	204.659	61.3204	47.2095	292.491
341	204.994	61.5045	47.36	293.378
342	204.803	61.6876	47.5103	294.261
343	205.277	61.8724	47.662	295.151
344	204.792	62.0644	47.8204	296.078
345	205.244	62.2567	47.9791	297.006
346	205.01	62.4478	48.1374	297.928
347	205.677	62.6395	48.2962	298.854
348	205.64	62.8304	48.4548	299.776
349	206.111	63.0216	48.6137	300.7
350	205.847	63.2115	48.7722	301.618
351	206.569	63.4022	48.9313	302.54
352	207.398	63.5939	49.091	303.467
353	207.762	63.7856	49.251	304.393
354	207.389	63.9758	49.4104	305.314
355	207.698	64.166	49.5699	306.234
356	207.272	64.3545	49.7289	307.147
357	207.632	64.5447	49.8894	308.068
358	207.436	64.7337	50.0495	308.984
359	207.877	64.9245	50.2112	309.909
360	207.53	65.1138	50.3724	310.828
361	207.996	65.3049	50.5352	311.755
362	207.939	65.5124	50.7125	312.762
363	208.641	65.7205	50.8903	313.772
364	208.522	65.9275	51.0678	314.778
365	209.03	66.1348	51.2457	315.785
366	208.832	66.3408	51.4232	316.786
367	209.413	66.5472	51.6011	317.79
368	208.904	66.7516	51.7783	318.785
369	209.131	66.9557	51.9555	319.778
370	208.898	67.1583	52.1322	320.765
371	209.343	67.3611	52.3092	321.754
372	209.279	67.563	52.486	322.738
373	211.376	67.7687	52.6649	323.74
374	211.076	67.9728	52.8433	324.735
375	211.514	68.1771	53.022	325.73
376	211.151	68.3797	53.2001	326.719
377	211.605	68.5824	53.3785	327.708
378	211.319	68.7837	53.5563	328.691
379	211.621	69.0004	53.7481	329.75
380	211.4	69.2156	53.9395	330.802
381	211.784	69.4307	54.131	331.854
382	211.9	69.6451	54.3225	332.903
383	213.434	69.8623	54.5156	333.965
384	213.574	70.0787	54.7086	335.024
385	214.49	70.2965	54.9025	336.088
386	213.973	70.5119	55.0956	337.143
387	215.333	70.7297	55.29	338.209
388	215.766	70.9476	55.4848	339.275
389	216.776	71.1668	55.6805	340.348
390	217.031	71.3857	55.8764	341.419
391	218.008	71.606	56.0731	342.497
392	218.223	71.8258	56.2699	343.573
393	218.769	72.0458	56.4671	344.65
394	218.42	72.2641	56.6637	345.72
395	218.841	72.4823	56.8605	346.79
396	215.118	72.6905	57.0525	347.814
397	215.569	72.8988	57.2449	348.84
398	204.094	73.0783	57.4231	349.736
399	204.607	73.2599	57.6035	350.643
400	196.915	73.4218	57.7742	351.461
401	197.669	73.5864	57.9474	352.293
402	197.477	73.7496	58.12	353.118
403	197.895	73.9146	58.2948	353.953
404	197.931	74.0789	58.4693	354.785
405	198.629	74.2458	58.6463	355.63
406	198.9	74.4125	58.8234	356.473
407	199.273	74.581	59.0025	357.326
408	199.097	74.7481	59.1812	358.174
409	199.754	74.9177	59.3623	359.033
410	199.829	75.0867	59.5434	359.89
411	200.267	75.2576	59.7266	360.757
412	199.789	75.4264	59.909	361.614
413	200.425	75.5977	60.0939	362.485
414	200.426	75.768	60.2785	363.351
415	200.9	75.9405	60.4655	364.227
416	200.966	76.1122	60.6523	365.101
417	201.431	76.286	60.8416	365.986
418	201.319	76.4586	61.0304	366.865
419	201.665	76.633	61.2214	367.753
420	201.166	76.805	61.4116	368.632
421	201.504	76.9789	61.604	369.52
422	201.553	77.1519	61.7963	370.404
423	202.013	77.3271	61.991	371.299
424	201.868	77.5008	62.1853	372.189
425	202.435	77.6771	62.3823	373.091
426	201.968	77.851	62.5783	373.982
427	202.333	78.0309	62.7814	374.905
428	201.671	78.2079	62.9833	375.815
429	202.147	78.3851	63.1856	376.726
430	202.195	78.5613	63.3876	377.633
431	202.66	78.7378	63.5901	378.541
432	202.802	78.9136	63.7924	379.447
433	203.259	79.0917	63.9975	380.364
434	203.41	79.2691	64.2025	381.279
435	203.871	79.4488	64.4104	382.206
436	204.024	79.6279	64.6181	383.13
437	204.475	79.8093	64.8288	384.066
438	203.489	79.9866	65.0376	384.984
439	203.796	80.1658	65.2491	385.912
440	203.91	80.3441	65.4605	386.837
441	204.34	80.5248	65.6748	387.774
442	204.5	80.7047	65.889	388.708
443	204.979	80.8872	66.1064	389.655
444	204.338	81.0664	66.3224	390.588
445	205.007	81.2487	66.5418	391.537
446	204.896	81.4294	66.7607	392.478
447	205.372	81.6127	66.9828	393.434
448	206.049	81.8017	67.2116	394.418
449	206.367	81.9903	67.4404	395.402
450	206.136	82.1769	67.6686	396.376
451	206.369	82.3628	67.8967	397.348
452	205.977	82.5461	68.1238	398.308
462	208.661	82.7368	68.3549	399.302
463	209.061	82.9275	68.5864	400.297
464	209.029	83.1167	68.8173	401.284
472	192.867	83.2514	69.0214	402.027
473	193.636	83.3874	69.2263	402.776
474	189.711	83.5095	69.4245	403.462
475	190.164	83.6319	69.6231	404.151
476	190.559	83.7547	69.822	404.841
477	191.331	83.8788	70.0218	405.537
478	191.446	84.0023	70.2216	406.231
479	192.056	84.1268	70.4219	406.929
480	192.473	84.2515	70.6227	407.629
481	193.013	84.377	70.824	408.332
482	192.764	84.5006	71.0245	409.027
483	193.507	84.6255	71.226	409.728
484	193.747	84.7502	71.4275	410.428
485	194.494	84.8762	71.6299	411.135
486	195.533	85.0046	71.8337	411.852
487	195.975	85.1333	72.0379	412.571
488	196.44	85.2625	72.2425	413.292
489	196.815	85.3918	72.4474	414.015
490	196.514	85.519	72.6514	414.728
491	197.257	85.6476	72.8564	415.447
492	197.66	85.7764	73.0617	416.167
493	198.244	85.906	73.2676	416.892
494	198.647	86.0359	73.4738	417.617
495	199.233	86.1665	73.6806	418.347
496	199.042	86.2955	73.8868	419.069
497	199.776	86.4257	74.0938	419.797
498	200.079	86.5558	74.3011	420.524
499	201.092	86.6882	74.5096	421.262
500	200.872	86.8187	74.7174	421.992
501	201.643	86.9506	74.9262	422.729
502	201.447	87.0808	75.1343	423.457
503	202.44	87.2131	75.3437	424.196
504	202.641	87.345	75.553	424.933
505	203.605	87.4789	75.7637	425.679
506	203.311	87.6107	75.9734	426.416
507	204.12	87.744	76.1842	427.16
508	203.312	87.8736	76.3933	427.888
509	203.984	88.0042	76.6031	428.62
510	204.042	88.1339	76.8127	429.349
511	204.708	88.2647	77.0231	430.082
512	205.168	88.3959	77.2339	430.818
513	205.929	88.5285	77.4455	431.559
514	206.184	88.6608	77.6573	432.3
515	207.23	88.7953	77.8704	433.052
516	207.064	88.9282	78.0829	433.796
517	207.794	89.0624	78.2962	434.546
518	208.107	89.1964	78.5097	435.295
519	209.188	89.3329	78.7247	436.056
520	212.307	89.4784	78.9444	436.858
521	222.056	89.6549	79.1797	437.799
522	222.378	89.831	79.4153	438.739
523	223.516	90.0095	79.6523	439.69
524	223.949	90.1881	79.8896	440.642
525	224.51	90.3671	80.1275	441.596
526	223.922	90.5429	80.364	442.536
527	224.41	90.7189	80.6009	443.476
528	224.588	90.8941	80.8377	444.414
529	225.483	91.0709	81.0756	445.359
530	225.748	91.2472	81.3136	446.303
531	226.289	91.424	81.552	447.248
532	226.783	91.601	81.7909	448.195
533	227.315	91.7784	82.0302	449.144
534	227.326	91.9544	82.2692	450.087
535	228.357	92.1325	82.5095	451.039
536	228.31	92.309	82.7493	451.985
537	228.821	92.4859	82.9895	452.933
538	228.814	92.6613	83.2294	453.875
539	229.804	92.8387	83.4705	454.825
540	229.841	93.0148	83.7112	455.77
541	230.57	93.1919	83.9527	456.72
542	230.63	93.3678	84.194	457.665
543	231.616	93.5456	84.4365	458.619
544	231.708	93.7224	84.6787	459.568
545	232.358	93.8998	84.9216	460.521
546	229.533	94.0667	85.1594	461.426
547	230.053	94.2339	85.3977	462.333
548	223.558	94.3783	85.625	463.138
549	224.094	94.5234	85.8527	463.946
550	211.593	94.6261	86.0595	464.564
551	212.089	94.7294	86.2668	465.184
552	212.391	94.8326	86.4742	465.805
553	212.926	94.9366	86.6822	466.429
554	213.32	95.0409	86.8905	467.054
555	214.45	95.1479	87.1003	467.692
556	214.606	95.2543	87.31	468.327
557	215.386	95.3623	87.5207	468.97
558	215.925	95.471	87.7319	469.616
559	216.595	95.5808	87.9438	470.267
560	217.075	95.6912	88.1562	470.921
561	217.934	95.8033	88.3697	471.583
562	217.929	95.9144	88.5827	472.24
563	218.495	96.0262	88.7964	472.901
564	219.001	96.1386	89.0106	473.565
565	219.518	96.2517	89.2252	474.232
566	219.574	96.3638	89.4396	474.895
567	220.057	96.4765	89.6544	475.561
568	223.177	96.5984	89.874	476.268
569	225.934	96.7282	90.0978	477.011
570	226.087	96.8573	90.3215	477.751
571	226.915	96.9881	90.5462	478.498
572	227.584	97.1198	90.7715	479.251
573	228.991	97.255	90.9989	480.019
574	228.999	97.389	91.2259	480.782
575	230.377	97.5264	91.4547	481.56
576	231.468	97.6662	91.685	482.35
577	233.396	97.811	91.9181	483.162
578	233.549	97.9552	92.151	483.972
579	234.14	98.1	92.3846	484.785
580	234.209	98.2439	92.6178	485.593
581	235.049	98.3892	92.8521	486.409
582	234.996	98.5331	93.0859	487.218
583	235.556	98.6777	93.3202	488.031
584	235.386	98.8204	93.5539	488.835
585	236.172	98.9645	93.7884	489.646
586	235.876	99.1063	94.0221	490.447
587	236.58	99.2493	94.2566	491.254
588	236.924	99.3921	94.4913	492.06
589	237.431	99.5353	94.7264	492.868
590	237.749	99.6784	94.9616	493.675
591	238.476	99.8226	95.1976	494.488
592	238.846	99.9667	95.4339	495.301
593	239.84	100.113	95.6714	496.123
594	239.761	100.258	95.9084	496.939
595	240.466	100.403	96.1462	497.759
596	240.441	100.548	96.3835	498.574
597	241.394	100.694	96.622	499.398
598	241.515	100.839	96.8603	500.218
599	242.061	100.985	97.0991	501.04
600	242.215	101.13	97.3378	501.86
601	243.174	101.277	97.5777	502.688
602	243.154	101.423	97.8171	503.51
603	243.887	101.57	98.0573	504.338
604	141.905	101.38	98.1295	503.65
605	142.569	101.193	98.2025	502.974
606	142.397	101.005	98.2752	502.297
607	142.442	100.818	98.3479	501.622
608	142.841	100.633	98.4211	500.954
609	142.661	100.448	98.4938	500.284
610	142.972	100.264	98.567	499.621
611	143.237	100.081	98.6404	498.963
612	143.288	99.8983	98.7139	498.307
613	143.739	99.7178	98.7879	497.659
614	143.71	99.5376	98.8618	497.012
615	147.738	99.3709	98.9422	496.426
616	151.686	99.2175	99.0289	495.899
617	157.73	99.0843	99.1255	495.462
618	157.488	98.9503	99.2215	495.023
619	158.126	98.8186	99.3184	494.593
620	158.097	98.6869	99.415	494.162
621	158.051	98.5551	99.5115	493.732
622	157.971	98.4232	99.6076	493.301
623	157.702	98.2906	99.7032	492.865
624	157.96	98.1589	99.799	492.434
625	157.849	98.0269	99.8945	492.002
626	157.642	97.8944	99.9895	491.567
627	157.908	97.7629	100.085	491.136
628	157.653	97.6307	100.179	490.702
629	157.565	97.4983	100.274	490.267
630	157.669	97.3664	100.368	489.834
631	157.761	97.2349	100.463	489.402
632	157.554	97.1029	100.556	488.968
633	157.984	96.9724	100.651	488.54
634	158.104	96.8424	100.745	488.115
635	158.117	96.7125	100.84	487.69
636	157.931	96.5822	100.934	487.262
637	157.901	96.4519	101.027	486.835
638	157.146	96.3192	101.12	486.396
639	157.52	96.1879	101.212	485.964
640	157.399	96.0563	101.305	485.53
641	158.132	95.9273	101.398	485.107
642	157.612	95.7966	101.491	484.677
643	157.502	95.6657	101.583	484.246
644	157.499	95.535	101.675	483.815
645	157.967	95.4059	101.767	483.391
646	157.759	95.2763	101.86	482.965
647	157.832	95.147	101.952	482.539
648	158.006	95.0184	102.044	482.117
649	157.775	94.8891	102.135	481.692
650	157.868	94.7603	102.227	481.268
651	157.61	94.6308	102.318	480.841
652	157.99	94.5026	102.41	480.42
653	157.821	94.3741	102.501	479.997
654	157.979	94.2461	102.592	479.577
655	157.784	94.1176	102.683	479.154
656	157.911	93.9897	102.774	478.733
657	158.028	93.8623	102.865	478.314
658	158.237	93.7357	102.956	477.898
659	157.879	93.608	103.046	477.478
660	159.187	93.4848	103.138	477.077
661	158.992	93.361	103.23	476.674
662	161.167	93.2444	103.326	476.303
663	163.899	93.137	103.425	475.973
664	163.94	93.0297	103.525	475.643
665	164.549	92.9244	103.625	475.323
666	164.68	92.8196	103.726	475.004
667	164.914	92.7155	103.826	474.688
668	166.377	92.6163	103.929	474.394
669	167.68	92.5213	104.034	474.119
670	168.15	92.4279	104.139	473.851
671	167.891	92.3336	104.244	473.578
672	164.892	92.2293	104.344	473.261
673	155.946	92.0957	104.429	472.812
674	155.653	91.9612	104.513	472.358
675	155.09	91.8251	104.596	471.897
676	154.996	91.6888	104.679	471.435
677	155.213	91.5535	104.762	470.976
678	155.122	91.418	104.845	470.517
679	155.248	91.283	104.928	470.06
680	155.402	91.1488	105.011	469.606
681	155.244	91.0142	105.094	469.15
682	155.224	90.8797	105.176	468.695
683	155.639	90.7468	105.259	468.246
684	155.324	90.6129	105.341	467.793
685	155.546	90.48	105.424	467.344
686	155.66	90.3476	105.507	466.897
687	155.695	90.2155	105.589	466.451
688	155.66	90.0835	105.672	466.005
689	156.01	89.9527	105.754	465.565
690	156.425	89.8235	105.838	465.132
691	156.028	89.6932	105.92	464.693
692	156.72	89.5652	106.004	464.265
693	157.017	89.4384	106.088	463.841
694	157.284	89.3126	106.172	463.422
695	157.052	89.1862	106.256	463
696	157.606	89.0617	106.34	462.587
697	157.859	88.9382	106.425	462.178
698	158.207	88.816	106.51	461.774
699	158.995	88.6965	106.596	461.382
700	158.727	88.5762	106.682	460.987
701	158.537	88.4554	106.767	460.589
702	158.175	88.3335	106.852	460.186
703	158.102	88.2116	106.936	459.782
704	158.353	88.0905	107.021	459.383
705	158.84	87.9712	107.106	458.991
706	158.772	87.8518	107.191	458.598
707	158.259	87.7308	107.275	458.198
708	158.823	87.6118	107.36	457.807
709	158.526	87.4919	107.444	457.411
710	158.305	87.3714	107.527	457.013
711	159.931	87.2564	107.614	456.639
712	160.178	87.1422	107.7	456.269
713	160.159	87.0282	107.786	455.899
714	159.953	86.9135	107.872	455.526
715	160.733	86.8015	107.959	455.165
716	161.194	86.691	108.047	454.811
717	161.923	86.5831	108.135	454.468
718	162.815	86.4782	108.225	454.138
719	164.068	86.3774	108.317	453.827
720	161.655	86.2687	108.405	453.48
721	160.636	86.1567	108.491	453.118
722	160.759	86.0453	108.577	452.758
723	160.526	85.9331	108.662	452.395
724	159.949	85.8191	108.746	452.023
725	159.309	85.7032	108.83	451.642
726	159.556	85.5881	108.913	451.265
727	158.748	85.4705	108.995	450.877
728	158.096	85.3509	109.076	450.479
729	156.838	85.2272	109.154	450.063
730	156.13	85.1014	109.232	449.637
731	156.171	84.9758	109.309	449.212
732	156.782	84.8525	109.387	448.797
733	156.497	84.7283	109.464	448.378
734	156.597	84.6047	109.542	447.961
735	156.588	84.4811	109.619	447.544
736	156.703	84.3581	109.697	447.129
737	156.665	84.2351	109.774	446.714
738	156.577	84.112	109.851	446.299
739	156.571	83.989	109.928	445.884
740	156.403	83.8656	110.004	445.467
741	156.862	83.7438	110.081	445.057
742	156.676	83.6216	110.158	444.644
743	156.742	83.4998	110.235	444.234
744	157.046	83.3791	110.312	443.828
745	156.487	83.2567	110.387	443.414
746	156.7	83.1352	110.464	443.005
747	156.502	83.0132	110.539	442.592
748	156.686	82.8919	110.615	442.183
749	156.15	82.769	110.69	441.766
750	156.512	82.6475	110.766	441.355
751	156.66	82.5266	110.841	440.947
752	156.693	82.406	110.916	440.54
753	156.452	82.2847	110.991	440.13
754	156.67	82.1643	111.066	439.723
755	156.872	82.0447	111.142	439.32
756	152.406	81.9105	111.21	438.852
757	153.207	81.7792	111.279	438.396
758	153.263	81.65	111.347	437.947
759	153.802	81.5228	111.416	437.507
760	154.043	81.3965	111.485	437.071
761	154.014	81.2703	111.554	436.635
762	153.949	81.1441	111.623	436.199
763	157.433	81.0293	111.697	435.815
764	160.713	80.9254	111.777	435.478
765	161.337	80.8236	111.857	435.152
766	161.506	80.7223	111.938	434.827
767	161.265	80.6204	112.018	434.5
768	157.694	80.507	112.092	434.12
769	154.227	80.3824	112.161	433.69
770	148.743	80.2402	112.22	433.181
771	149.644	80.1012	112.281	432.685
772	149.917	79.9633	112.342	432.195
773	150.19	79.8265	112.403	431.709
774	150.333	79.6905	112.465	431.227
775	150.567	79.5555	112.527	430.749
776	150.628	79.4209	112.588	430.272
777	150.568	79.2863	112.65	429.795
778	150.648	79.1523	112.712	429.321
779	150.623	79.0184	112.773	428.847
780	150.439	78.8841	112.835	428.371
781	150.472	78.7502	112.896	427.896
782	150.84	78.6177	112.957	427.428
783	150.551	78.4845	113.018	426.956
784	150.772	78.3523	113.08	426.489
785	150.729	78.2201	113.141	426.021
786	150.015	78.0859	113.2	425.544
787	150.367	77.953	113.261	425.073
788	150.449	77.8207	113.321	424.604
789	150.59	77.689	113.382	424.138
790	150.314	77.5567	113.442	423.668
791	150.511	77.4252	113.502	423.203
792	150.699	77.2946	113.562	422.741
793	150.517	77.1637	113.622	422.277
794	150.253	77.0321	113.682	421.81
795	150.401	76.9012	113.741	421.346
796	150.689	76.7715	113.801	420.887
797	150.59	76.6416	113.861	420.428
798	150.243	76.5109	113.92	419.964
799	150.41	76.381	113.979	419.503
800	150.585	76.2518	114.039	419.046
801	150.384	76.1223	114.098	418.587
802	150.596	75.9936	114.157	418.131
803	150.815	75.8659	114.216	417.68
804	150.719	75.7381	114.276	417.228
805	150.345	75.6093	114.334	416.772
806	150.514	75.4813	114.393	416.318
807	151.276	75.356	114.453	415.877
808	151.578	75.2319	114.513	415.441
809	151.911	75.109	114.574	415.01
810	151.82	74.9861	114.634	414.579
811	151.643	74.8628	114.694	414.146
812	151.342	74.7387	114.754	413.709
813	149.975	74.6104	114.811	413.253
814	154.024	74.4955	114.875	412.857
815	155.706	74.3862	114.941	412.486
816	152.944	74.268	115.003	412.075
817	152.551	74.1488	115.064	411.659
818	152.456	74.0295	115.124	411.242
819	153.025	73.9122	115.186	410.835
820	153.53	73.7967	115.248	410.435
821	152.514	73.6781	115.309	410.021
822	151.618	73.5568	115.368	409.595
823	150.942	73.4335	115.425	409.159
824	151.044	73.3107	115.483	408.726
825	151.025	73.1881	115.541	408.293
826	150.917	73.0653	115.598	407.859
827	151.273	72.9439	115.656	407.432
828	150.71	72.8209	115.713	406.997
829	150.768	72.6983	115.77	406.563
830	151.002	72.5766	115.827	406.134
831	150.766	72.4544	115.884	405.702
832	150.905	72.3329	115.941	405.272
833	151.045	72.212	115.998	404.846
834	151.052	72.0914	116.055	404.42
835	150.827	71.9702	116.111	403.992
836	150.285	71.8475	116.167	403.556
837	150.48	71.7256	116.222	403.125
838	150.445	71.6038	116.278	402.693
839	150.387	71.4821	116.333	402.262
840	150.1	71.3597	116.388	401.827
841	150.387	71.2384	116.443	401.397
842	150.089	71.1163	116.498	400.963
843	149.668	70.9931	116.552	400.524
844	149.945	70.871	116.606	400.09
845	149.382	70.7473	116.659	399.648
846	149.014	70.6227	116.712	399.202
847	148.711	70.4973	116.764	398.753
848	148.717	70.3721	116.815	398.304
849	148.219	70.2456	116.866	397.849
850	148.25	70.1194	116.917	397.395
851	147.706	69.9918	116.967	396.934
852	147.067	69.8622	117.016	396.465
853	147.253	69.7336	117.065	396
854	147.743	69.6068	117.115	395.542
855	148.037	69.4812	117.165	395.09
856	148.603	69.3577	117.216	394.647
857	148.381	69.2336	117.267	394.202
858	147.98	69.1086	117.317	393.751
859	147.798	68.9832	117.366	393.299
860	148.165	68.8592	117.416	392.853
861	148.163	68.7354	117.466	392.408
862	148.203	68.6121	117.516	391.964
863	148.076	68.4885	117.566	391.52
864	146.265	68.3593	117.612	391.05
865	149.112	68.2397	117.663	390.622
866	153.083	68.1331	117.721	390.253
867	153.026	68.0265	117.778	389.884
868	152.712	67.9191	117.835	389.511
869	151.641	67.8083	117.89	389.123
870	151.467	67.6972	117.944	388.733
871	152.082	67.5882	118	388.353
872	151.525	67.4776	118.054	387.965
873	151.762	67.368	118.109	387.581
874	150.988	67.256	118.162	387.186
875	150.559	67.1428	118.215	386.786
876	151.016	67.0313	118.268	386.393
877	150.75	66.9192	118.321	385.997
878	151.024	66.8081	118.374	385.606
879	150.808	66.6965	118.427	385.212
880	150.839	66.5852	118.479	384.82
881	151.036	66.4747	118.532	384.431
882	150.736	66.3634	118.584	384.038
883	150.662	66.2521	118.636	383.645
884	150.546	66.1406	118.688	383.251
885	150.232	66.0283	118.739	382.852
886	150.315	65.9164	118.791	382.456
887	150.507	65.8054	118.842	382.064
888	150.502	65.6945	118.894	381.672
889	150.601	65.5841	118.945	381.282
890	150.459	65.4735	118.996	380.89
891	150.505	65.3633	119.047	380.5
892	151.042	65.2549	119.099	380.119
893	150.683	65.1456	119.151	379.733
894	150.145	65.0347	119.201	379.34
895	150.354	64.9247	119.251	378.95
896	150.351	64.8149	119.302	378.561
897	150.018	64.7042	119.352	378.169
898	150.18	64.5942	119.402	377.779
899	150.258	64.4846	119.452	377.391
900	150.654	64.3766	119.503	377.009
901	150.393	64.2679	119.553	376.624
902	150.547	64.1598	119.603	376.242
903	150.464	64.0517	119.653	375.86
904	150.775	63.9448	119.704	375.483
905	150.634	63.8376	119.754	375.104
906	150.408	63.7299	119.804	374.723
907	150.27	63.6219	119.853	374.341
908	150.3	63.5142	119.903	373.959
909	150.03	63.4058	119.951	373.575
910	149.958	63.2973	120	373.189
911	151.009	63.1925	120.05	372.82
912	151.26	63.0887	120.101	372.456
913	150.759	62.9834	120.151	372.084
914	150.539	62.8775	120.2	371.71
915	150.461	62.7716	120.249	371.336
916	154.719	62.6797	120.305	371.024
917	154.315	62.5867	120.361	370.707
918	150.824	62.4824	120.41	370.339
919	149.711	62.3746	120.458	369.956
920	149.744	62.2672	120.505	369.574
921	149.959	62.1607	120.553	369.196
922	150.679	62.0567	120.602	368.828
923	150.87	61.9535	120.651	368.465
924	151.252	61.8517	120.701	368.107
925	151.123	61.7496	120.75	367.749
926	150.992	61.6473	120.799	367.388
927	150.729	61.5443	120.848	367.025
928	150.642	61.4413	120.896	366.661
929	150.923	61.3393	120.945	366.302
930	150.776	61.237	120.993	365.941
931	150.773	61.1348	121.042	365.581
932	150.777	61.0329	121.09	365.221
933	150.635	60.9306	121.138	364.86
934	150.91	60.8295	121.186	364.504
935	150.741	60.7279	121.234	364.146
936	150.39	60.6254	121.281	363.783
937	150.612	60.5238	121.329	363.424
938	150.372	60.4216	121.376	363.063
939	150.535	60.3201	121.424	362.704
940	150.726	60.2194	121.471	362.349
941	150.701	60.1188	121.519	361.994
942	150.52	60.0178	121.566	361.637
943	150.799	59.9178	121.613	361.284
944	151.124	59.8191	121.661	360.937
945	150.875	59.7197	121.708	360.587
946	150.603	59.6196	121.755	360.234
947	150.704	59.5201	121.802	359.883
948	150.7	59.4206	121.849	359.532
949	150.933	59.3221	121.896	359.185
950	150.329	59.2218	121.943	358.83
951	150.55	59.1225	121.989	358.479
952	150.602	59.0234	122.036	358.129
953	150.591	58.9245	122.082	357.78
954	150.853	58.8266	122.129	357.435
955	150.591	58.728	122.175	357.087
956	150.552	58.6294	122.221	356.739
957	149.761	58.5285	122.266	356.38
958	150.085	58.4288	122.311	356.026
959	150.626	58.331	122.357	355.681
960	150.409	58.2327	122.402	355.333
961	149.605	58.132	122.446	354.974
962	149.396	58.0307	122.49	354.613
963	148.889	57.928	122.533	354.245
964	148.853	57.8254	122.576	353.877
965	150.048	57.7269	122.62	353.528
966	150.362	57.6295	122.665	353.183
967	153.294	57.5418	122.715	352.882
968	152.785	57.4526	122.764	352.574
969	149.222	57.352	122.807	352.215
970	149.241	57.2516	122.85	351.856
971	149.066	57.1509	122.892	351.496
972	148.534	57.0486	122.934	351.128
973	148.918	56.9477	122.976	350.767
974	148.808	56.8467	123.018	350.405
975	149.265	56.7473	123.061	350.05
976	149.204	56.648	123.103	349.695
977	149.757	56.5506	123.146	349.349
978	149.368	56.4521	123.189	348.997
979	149.61	56.3546	123.232	348.65
980	149.51	56.257	123.275	348.302
981	149.211	56.1585	123.317	347.951
982	149.937	56.0626	123.36	347.61
983	149.902	55.9668	123.403	347.27
984	149.642	55.8702	123.446	346.926
985	149.705	55.7741	123.488	346.585
986	149.817	55.6785	123.531	346.245
987	149.461	55.5819	123.573	345.901
988	149.419	55.4854	123.615	345.556
989	149.738	55.39	123.657	345.218
990	149.698	55.2947	123.7	344.879
991	149.875	55.2002	123.742	344.543
992	149.681	55.1052	123.784	344.205
993	149.802	55.0108	123.826	343.87
994	149.978	54.9171	123.869	343.537
995	149.713	54.8227	123.911	343.202
996	149.95	54.7292	123.953	342.87
997	149.713	54.6352	123.995	342.536
998	149.633	54.541	124.037	342.201
999	149.997	54.4482	124.079	341.872
1000	150.124	54.356	124.121	341.545
1001	150.848	54.2663	124.164	341.23
1002	150.478	54.1755	124.207	340.909
1003	150.764	54.0859	124.25	340.594
1004	150.851	53.9966	124.293	340.28
1005	150.738	53.9072	124.336	339.965
1006	150.355	53.8166	124.379	339.645
1007	150.095	53.7254	124.42	339.322
1008	149.697	53.633	124.461	338.993
1009	149.589	53.5405	124.502	338.664
1010	149.029	53.4463	124.542	338.327
1011	149.263	53.353	124.582	337.994
1012	149.183	53.2597	124.622	337.661
1013	149.753	53.1683	124.663	337.336
1014	149.155	53.0752	124.703	337.004
1015	148.799	52.9812	124.742	336.666
1016	148.823	52.8873	124.781	336.33
1017	149.017	52.7943	124.82	335.997
1018	148.967	52.7013	124.859	335.664
1019	149.554	52.6104	124.899	335.341
1020	149.647	52.5199	124.94	335.019
1021	149.644	52.4296	124.98	334.698
1022	149.336	52.3384	125.019	334.373
1023	149.296	52.2473	125.059	334.048
1024	148.807	52.1548	125.097	333.716
1025	148.9	52.0627	125.136	333.387
1026	149.055	51.9714	125.175	333.06
1027	149.213	51.8807	125.214	332.736
1028	149.146	51.7899	125.253	332.412
1029	149.194	51.6995	125.291	332.09
1030	148.877	51.6082	125.33	331.763
1031	149.464	51.519	125.369	331.445
1032	148.983	51.4284	125.407	331.121
1033	149.213	51.3388	125.446	330.801
1034	149.267	51.2494	125.485	330.482
1035	149.025	51.1594	125.523	330.161
1036	149.215	51.0703	125.561	329.842
1037	149.161	50.9811	125.6	329.524
1038	149.349	50.8927	125.638	329.209
1039	149.376	50.8045	125.677	328.895
1040	149.647	50.7174	125.716	328.585
1041	149.346	50.6294	125.754	328.272
1042	149.412	50.5419	125.792	327.96
1043	149.365	50.4543	125.831	327.648
1044	149.464	50.3672	125.869	327.338
1045	150.394	50.2833	125.909	327.042
1046	149.543	50.1968	125.947	326.734
1047	149.651	50.1108	125.986	326.429
1048	149.741	50.0252	126.024	326.125
1049	149.581	49.9393	126.062	325.819
1050	149.379	49.8528	126.1	325.512
1051	149.177	49.7659	126.138	325.201
1052	149.572	49.6804	126.176	324.897
1053	149.284	49.5941	126.213	324.59
1054	149.272	49.508	126.251	324.283
1055	149.254	49.4219	126.288	323.976
1056	149.454	49.3367	126.326	323.672
1057	149.585	49.252	126.363	323.371
1058	149.175	49.1662	126.4	323.065
1059	149.131	49.0803	126.437	322.759
1060	149.499	48.9959	126.475	322.458
1061	149.437	48.9113	126.512	322.157
1062	149.152	48.826	126.549	321.853
1063	149.303	48.7414	126.586	321.551
1064	149.601	48.6579	126.623	321.255
1065	149.6	48.5745	126.66	320.958
1066	150.3	48.4935	126.699	320.673
1067	150.324	48.4138	126.737	320.392
1068	150.287	48.3341	126.774	320.111
1069	150.543	48.2554	126.812	319.834
1070	154.321	48.1889	126.857	319.612
1071	154.837	48.1241	126.901	319.398
1072	151.522	48.0488	126.941	319.136
1073	151.153	47.9724	126.98	318.869
1074	151.022	47.8957	127.018	318.601
1075	150.909	47.8188	127.056	318.332
1076	151.557	47.744	127.096	318.072
1077	151.183	47.6682	127.134	317.807
1078	151.308	47.5929	127.173	317.545
1079	150.815	47.5161	127.211	317.275
1080	149.954	47.4367	127.247	316.994
1081	149.683	47.3566	127.283	316.71
1082	149.9	47.2773	127.32	316.429
1083	149.85	47.198	127.356	316.148
1084	149.718	47.1184	127.392	315.865
1085	150.111	47.0402	127.428	315.589
1086	150.025	46.9618	127.464	315.312
1087	151.614	46.8887	127.503	315.058
1088	152.536	46.8187	127.543	314.818
1089	152.085	46.7473	127.582	314.571
1090	151.981	46.6756	127.621	314.324
1091	151.709	46.6032	127.66	314.073
1092	151.483	46.5302	127.698	313.819
1093	150.999	46.4558	127.736	313.559
1094	150.614	46.3802	127.772	313.293
1095	150.214	46.3035	127.808	313.022
1096	149.823	46.2256	127.843	312.746
1097	149.466	46.1468	127.878	312.465
1098	148.808	46.066	127.912	312.175
1099	149.348	45.987	127.946	311.894
1100	149.511	45.9087	127.981	311.616
1101	149.315	45.83	128.015	311.335
1102	149.717	45.7526	128.05	311.06
1103	149.459	45.6746	128.084	310.782
1104	149.195	45.5959	128.118	310.501
1105	149.624	45.5187	128.152	310.227
1106	149.51	45.4412	128.186	309.951
1107	149.424	45.3637	128.22	309.675
1108	149.435	45.2863	128.254	309.399
1109	149.178	45.2082	128.288	309.121
1110	149.458	45.1311	128.322	308.846
1111	149.447	45.0542	128.356	308.572
1112	149.659	44.9781	128.39	308.302
1113	149.576	44.9018	128.424	308.031
1114	149.211	44.8245	128.457	307.755
1115	149.459	44.7482	128.491	307.483
1116	149.518	44.6721	128.524	307.213
1117	149.423	44.5959	128.558	306.942
1118	149.59	44.5204	128.592	306.673
1119	149.658	44.4452	128.625	306.406
1120	148.669	44.367	128.658	306.126
1121	149.237	44.2908	128.691	305.854
1122	146.15	44.2048	128.719	305.538
1123	146.317	44.1195	128.747	305.225
1124	151.885	44.0523	128.784	304.993
1125	151.784	43.9848	128.821	304.76
1126	152.667	43.9202	128.859	304.54
1127	152.702	43.8559	128.897	304.321
1128	152.716	43.7917	128.935	304.102
1129	152.611	43.7272	128.973	303.882
1130	152.744	43.6632	129.011	303.664
1131	152.551	43.5987	129.049	303.444
1132	151.856	43.5321	129.086	303.214
1133	151.687	43.465	129.122	302.982
1134	151.541	43.3976	129.158	302.748
1135	151.637	43.3305	129.194	302.516
1136	151.561	43.2633	129.23	302.283
1137	151.046	43.1946	129.265	302.043
1138	151.549	43.1276	129.3	301.81
1139	151.483	43.0604	129.336	301.578
1140	151.552	42.9936	129.371	301.346
1141	151.369	42.9263	129.407	301.112
1142	151.94	42.861	129.443	300.887
1143	151.815	42.7953	129.479	300.66
1144	151.656	42.7292	129.514	300.431
1145	151.689	42.6633	129.55	300.203
1146	151.595	42.5972	129.585	299.974
1147	152.057	42.5327	129.621	299.752
1148	152.084	42.4684	129.657	299.531
1149	151.825	42.4033	129.693	299.306
1150	151.855	42.3385	129.728	299.082
1151	151.966	42.274	129.764	298.86
1152	152.151	42.2103	129.8	298.641
1153	152.212	42.1469	129.836	298.423
1154	151.98	42.0827	129.871	298.202
1155	151.894	42.0185	129.906	297.98
1156	151.35	41.9525	129.941	297.751
1157	151.618	41.8875	129.975	297.525
1158	151.251	41.8215	130.009	297.295
1159	151.343	41.7558	130.044	297.067
1160	151.675	41.6913	130.078	296.843
1161	152.787	41.6304	130.115	296.637
1162	153.095	41.5707	130.152	296.434
1163	153.19	41.5113	130.188	296.234
1164	153.628	41.4533	130.226	296.039
1165	154.078	41.3969	130.264	295.852
1166	154.012	41.3404	130.302	295.664
1167	154.093	41.2841	130.34	295.477
1168	153.94	41.2274	130.378	295.288
1169	153.989	41.171	130.416	295.1
1170	153.758	41.1138	130.454	294.909
1171	155.36	41.0619	130.493	294.741
1172	155.886	41.0117	130.534	294.581
1173	156.251	40.9626	130.575	294.426
1174	154.189	40.907	130.613	294.241
1175	150.848	40.8408	130.646	294.009
1176	151.399	40.7764	130.679	293.784
1177	152.217	40.7147	130.713	293.572
1178	152.95	40.6555	130.749	293.371
1179	154.624	40.6017	130.787	293.194
1180	153.9	40.5457	130.824	293.007
1181	153.452	40.4882	130.861	292.814
1182	152.889	40.4291	130.896	292.612
1183	153.007	40.3704	130.931	292.413
1184	152.783	40.311	130.966	292.21
1185	152.7	40.2515	131.001	292.007
1186	152.298	40.1907	131.035	291.798
1187	152.24	40.1299	131.069	291.589
1188	152.316	40.0693	131.103	291.381
1189	152.509	40.0095	131.138	291.176
1190	152.326	39.9492	131.172	290.968
1191	152.403	39.8892	131.206	290.762
1192	152.773	39.8305	131.24	290.562
1193	152.604	39.7713	131.274	290.36
1194	152.625	39.7122	131.309	290.158
1195	152.262	39.6521	131.342	289.951
1196	152.432	39.5926	131.376	289.747
1197	152.442	39.5332	131.41	289.543
1198	152.594	39.4744	131.444	289.341
1199	152.429	39.4152	131.477	289.138
1200	151.396	39.3527	131.509	288.92
1201	151.902	39.2919	131.542	288.71
1202	152.01	39.2316	131.575	288.501
1203	152.213	39.172	131.608	288.296
1204	152.41	39.1131	131.641	288.094
1205	152.578	39.0549	131.675	287.894
1206	152.993	38.998	131.709	287.701
1207	152.534	38.9398	131.742	287.501
1208	152.814	38.8825	131.776	287.306
1209	152.509	38.8243	131.809	287.107
1210	152.757	38.767	131.843	286.911
1211	152.314	38.7084	131.876	286.709
1212	152.316	38.6498	131.908	286.508
1213	152.268	38.5912	131.941	286.306
1214	152.814	38.5344	131.974	286.112
1215	152.387	38.4763	132.007	285.913
1216	152.697	38.4193	132.04	285.718
1217	152.933	38.3632	132.074	285.526
1218	152.99	38.3072	132.107	285.336
1219	152.493	38.2498	132.14	285.139
1220	152.002	38.1909	132.172	284.935
1221	151.844	38.1315	132.203	284.729
1222	156.475	38.0871	132.242	284.591
1223	159.197	38.0514	132.285	284.491
1224	160.04	38.0184	132.33	284.403
1225	160.07	37.9855	132.374	284.316
1226	156.351	37.9406	132.413	284.175
1227	151.748	37.8809	132.444	283.967
1228	152.85	37.8249	132.476	283.776
1229	153.99	37.7726	132.511	283.601
1230	155.581	37.7255	132.548	283.45
1231	156.244	37.6805	132.586	283.308
1232	155.647	37.6337	132.623	283.158
1233	155.074	37.585	132.659	282.999
1234	154.117	37.5333	132.693	282.827
1235	153.598	37.48	132.727	282.647
1236	153.679	37.4271	132.76	282.469
1237	153.712	37.3743	132.794	282.291
1238	153.696	37.3215	132.827	282.113
1239	153.759	37.2689	132.861	281.937
1240	153.593	37.2159	132.894	281.758
1241	153.416	37.1624	132.927	281.577
1242	153.611	37.1096	132.96	281.399
1243	152.352	37.0528	132.991	281.203
1244	151.199	36.9924	133.02	280.99
1245	151.426	36.9328	133.05	280.781
1246	151.563	36.8738	133.08	280.575
1247	151.826	36.8157	133.11	280.372
1248	152.052	36.7584	133.14	280.174
1249	152.607	36.703	133.171	279.983
1250	152.746	36.6481	133.203	279.795
1251	153.077	36.5943	133.234	279.612
1252	153.458	36.5419	133.267	279.434
1253	154.086	36.4915	133.3	279.266
1254	154.044	36.441	133.333	279.097
1255	153.739	36.3896	133.366	278.925
1256	153.668	36.338	133.399	278.751
1257	154.169	36.2881	133.432	278.585
1258	153.844	36.2373	133.465	278.414
1259	154.142	36.1874	133.498	278.247
1260	154.19	36.1377	133.531	278.082
1261	153.914	36.0872	133.564	277.913
1262	153.893	36.0367	133.596	277.743
1263	154.111	35.987	133.629	277.577
1264	153.832	35.9364	133.661	277.407
1265	153.98	35.8863	133.694	277.239
1266	154.004	35.8364	133.727	277.072
1267	153.688	35.7855	133.759	276.901
1268	155.051	35.7391	133.793	276.749
1269	154.839	35.692	133.826	276.594
1270	154.528	35.6439	133.86	276.435
1271	154.25	35.595	133.892	276.272
1272	154.145	35.5459	133.925	276.108
1273	157.42	35.5072	133.962	275.991
1274	158.655	35.4726	134.002	275.892
1275	158.91	35.4387	134.042	275.797
1276	159.088	35.4054	134.082	275.704
1277	158.738	35.371	134.122	275.605
1278	159.165	35.3379	134.162	275.513
1279	156.104	35.2949	134.197	275.377
1280	150.807	35.235	134.223	275.164
1281	151.724	35.1782	134.251	274.964
1282	152.326	35.1234	134.28	274.774
1283	153.426	35.0722	134.311	274.6
1284	152.844	35.0192	134.341	274.417
1285	151.913	34.9632	134.369	274.222
1286	150.915	34.9042	134.396	274.012
1287	150.452	34.8438	134.421	273.796
1288	150.808	34.7846	134.448	273.586
1289	151.477	34.7277	134.475	273.386
1290	151.319	34.6704	134.502	273.183
1291	151.242	34.6129	134.529	272.98
1292	151.47	34.5563	134.556	272.781
1293	151.353	34.4994	134.583	272.58
1294	151.093	34.4417	134.609	272.376
1295	150.954	34.3837	134.635	272.17
1296	151.257	34.3268	134.662	271.969
1297	151.328	34.2702	134.689	271.769
1298	150.76	34.2119	134.714	271.562
1299	150.859	34.154	134.74	271.356
1300	150.917	34.0963	134.766	271.152
1301	151.082	34.0393	134.792	270.95
1302	151.013	33.9822	134.818	270.747
1303	150.874	33.9248	134.844	270.543
1304	150.623	33.8666	134.869	270.336
1305	150.837	33.8093	134.895	270.132
1306	150.558	33.7511	134.92	269.924
1307	150.785	33.6938	134.946	269.721
1308	150.901	33.6369	134.971	269.519
1309	150.698	33.5795	134.996	269.314
1310	150.583	33.5218	135.021	269.109
1311	150.565	33.4642	135.046	268.903
1312	150.434	33.4063	135.071	268.696
1313	150.311	33.3481	135.095	268.487
1314	150.048	33.2891	135.119	268.276
1315	151.064	33.2335	135.145	268.079
1316	150.772	33.1771	135.17	267.878
1317	149.306	33.116	135.192	267.657
1318	149.696	33.0564	135.216	267.441
1319	149.724	32.9969	135.239	267.227
1320	149.367	32.9365	135.262	267.007
1321	148.974	32.8748	135.284	266.783
1322	150.064	32.8169	135.307	266.575
1323	149.799	32.7581	135.33	266.363
1324	149.41	32.6982	135.353	266.146
1325	149.417	32.6385	135.376	265.93
1326	152.997	32.5904	135.404	265.765
1327	155.765	32.5512	135.436	265.641
1328	155.076	32.5098	135.468	265.507
1329	154.889	32.4679	135.499	265.371
1330	152.938	32.4197	135.527	265.206
1331	152.05	32.3687	135.553	265.028
1332	152.51	32.3193	135.581	264.858
1333	151.949	32.2682	135.607	264.68
1334	152.817	32.22	135.634	264.514
1335	151.83	32.1686	135.66	264.335
1336	150.501	32.1131	135.684	264.136
1337	150.255	32.0568	135.708	263.935
1338	150.243	32.0007	135.731	263.734
1339	150.245	31.9446	135.754	263.533
1340	150.33	31.889	135.777	263.333
1341	150.415	31.8337	135.801	263.136
1342	150.445	31.7786	135.824	262.939
1343	150.905	31.7251	135.849	262.749
1344	150.977	31.6719	135.873	262.56
1345	150.633	31.6177	135.896	262.367
1346	150.793	31.5641	135.92	262.177
1347	150.644	31.5101	135.944	261.984
1348	150.423	31.4555	135.967	261.789
1349	150.613	31.4016	135.991	261.597
1350	150.681	31.3481	136.014	261.406
1351	150.744	31.2948	136.038	261.217
1352	150.826	31.2419	136.061	261.029
1353	150.768	31.1889	136.085	260.841
1354	150.621	31.1355	136.108	260.65
1355	150.834	31.0829	136.132	260.464
1356	150.851	31.0305	136.155	260.277
1357	150.622	30.9774	136.179	260.088
1358	150.864	30.9252	136.202	259.903
1359	150.758	30.8727	136.226	259.716
1360	150.626	30.8199	136.249	259.528
1361	150.722	30.7675	136.272	259.342
1362	150.427	30.7143	136.295	259.152
1363	150.664	30.6619	136.318	258.965
1364	150.65	30.6095	136.34	258.779
1365	150.719	30.5575	136.364	258.594
1366	150.712	30.5056	136.387	258.409
1367	150.886	30.4543	136.41	258.227
1368	150.809	30.4028	136.433	258.044
1369	150.85	30.3516	136.456	257.862
1370	150.285	30.2986	136.478	257.673
1371	150.778	30.2473	136.501	257.49
1372	150.786	30.1962	136.524	257.309
1373	150.508	30.1442	136.546	257.123
1374	150.384	30.0919	136.569	256.936
1375	150.287	30.0395	136.59	256.748
1376	154.753	30.0014	136.62	256.625
1377	157.579	29.9724	136.653	256.543
1378	154.015	29.932	136.681	256.409
1379	155.44	29.8962	136.711	256.296
1380	152.533	29.8516	136.736	256.143
1381	152.176	29.806	136.761	255.985
1382	152.778	29.7624	136.786	255.836
1383	153.596	29.7214	136.812	255.698
1384	154.338	29.6828	136.84	255.572
1385	154.017	29.6432	136.867	255.44
1386	153.538	29.6022	136.894	255.303
1387	152.434	29.5577	136.918	255.149
1388	152.239	29.5126	136.943	254.993
1389	152.086	29.4672	136.967	254.835
1390	152.26	29.4223	136.991	254.68
1391	152.322	29.3777	137.015	254.526
1392	152.341	29.3333	137.039	254.372
1393	152.247	29.2886	137.063	254.218
1394	152.407	29.2444	137.088	254.065
1395	152.183	29.1997	137.111	253.91
1396	152.214	29.155	137.135	253.756
1397	152.219	29.1105	137.159	253.601
1398	152.466	29.0668	137.183	253.451
1399	152.111	29.0221	137.207	253.295
1400	151.891	28.9767	137.23	253.137
1401	152.109	28.9321	137.254	252.982
1402	151.982	28.8871	137.277	252.826
1403	152.198	28.843	137.301	252.673
1404	152.188	28.7988	137.324	252.519
1405	152.408	28.7554	137.348	252.37
1406	152.355	28.7119	137.372	252.219
1407	153.005	28.6705	137.397	252.079
1408	152.77	28.6284	137.421	251.935
1409	152.511	28.5856	137.445	251.787
1410	152.199	28.5418	137.468	251.635
1411	152.361	28.4986	137.492	251.486
1412	152.647	28.4564	137.516	251.341
1413	152.737	28.4145	137.54	251.198
1414	152.451	28.3718	137.563	251.05
1415	152.421	28.329	137.587	250.903
1416	152.326	28.286	137.61	250.754
1417	152.52	28.2437	137.634	250.609
1418	152.809	28.2023	137.658	250.467
1419	152.624	28.1604	137.682	250.323
1420	152.607	28.1185	137.705	250.179
1421	152.818	28.0774	137.729	250.039
1422	152.924	28.0366	137.753	249.9
1423	152.747	27.9953	137.777	249.758
1424	152.944	27.9547	137.801	249.62
1425	151.818	27.9106	137.823	249.466
1426	151.979	27.8671	137.845	249.314
1427	155.82	27.8358	137.874	249.217
1428	159.131	27.815	137.908	249.167
1429	160.213	27.7975	137.943	249.133
1430	156.739	27.7691	137.973	249.049
1431	154.399	27.7332	137.999	248.931
1432	155.125	27.6996	138.026	248.824
1433	155.622	27.6676	138.053	248.724
1434	156.478	27.6384	138.083	248.636
1435	157.181	27.6113	138.113	248.558
1436	157.291	27.5847	138.143	248.482
1437	157.025	27.5571	138.173	248.402
1438	156.131	27.5267	138.201	248.308
1439	155.131	27.4932	138.228	248.201
1440	154.034	27.4562	138.253	248.078
1441	153.498	27.4176	138.277	247.948
1442	153.633	27.3794	138.302	247.819
1443	153.717	27.3415	138.326	247.692
1444	154.066	27.3048	138.351	247.57
1445	153.934	27.2677	138.376	247.447
1446	153.654	27.2298	138.4	247.319
1447	154.123	27.1934	138.425	247.198
1448	153.942	27.1564	138.449	247.075
1449	154.3	27.1207	138.474	246.957
1450	154.358	27.0851	138.499	246.84
1451	154.011	27.0485	138.524	246.718
1452	154.343	27.0129	138.549	246.601
1453	153.969	26.9762	138.573	246.478
1454	154.035	26.9398	138.598	246.357
1455	154.267	26.9041	138.623	246.239
1456	154.243	26.8684	138.647	246.121
1457	154.459	26.8334	138.672	246.006
1458	154.105	26.7974	138.697	245.886
1459	154.257	26.7618	138.721	245.769
1460	154.002	26.7255	138.746	245.648
1461	154.312	26.6901	138.77	245.531
1462	154.024	26.654	138.794	245.41
1463	154.311	26.6187	138.819	245.294
1464	153.952	26.5824	138.843	245.172
1465	153.811	26.5456	138.867	245.049
1466	154.268	26.5103	138.891	244.932
1467	154.008	26.4743	138.915	244.812
1468	154.083	26.4385	138.939	244.693
1469	154.231	26.4032	138.963	244.576
1470	154.338	26.3683	138.987	244.461
1471	154.046	26.3325	139.011	244.341
1472	153.254	26.2943	139.034	244.211
1473	153.57	26.2571	139.057	244.085
1474	153.979	26.2212	139.08	243.965
1475	153.752	26.1847	139.104	243.842
1476	153.612	26.1477	139.127	243.717
1477	157.54	26.1232	139.156	243.649
1478	160.016	26.1066	139.189	243.615
1479	159.02	26.0867	139.22	243.567
1480	159.406	26.0681	139.252	243.524
1481	160.115	26.0516	139.285	243.491
1482	160.84	26.0373	139.319	243.469
1483	158.133	26.0145	139.349	243.407
1484	154.465	25.98	139.373	243.293
1485	155.423	25.9486	139.398	243.193
1486	156.392	25.9202	139.425	243.106
1487	157.273	25.8947	139.453	243.032
1488	157.506	25.8699	139.482	242.961
1489	156.215	25.841	139.508	242.872
1490	155.937	25.8112	139.534	242.779
1491	155.036	25.7786	139.559	242.673
1492	154.423	25.744	139.582	242.558
1493	154.637	25.7102	139.606	242.447
1494	154.658	25.6765	139.63	242.336
1495	154.602	25.6426	139.654	242.224
1496	154.282	25.6077	139.677	242.108
1497	154.499	25.5736	139.7	241.995
1498	154.684	25.5401	139.724	241.884
1499	154.726	25.5067	139.748	241.775
1500	154.256	25.4719	139.771	241.658
1501	154.077	25.4366	139.793	241.54
1502	154.007	25.4011	139.816	241.42
1503	154.083	25.3658	139.838	241.302
1504	154.093	25.3307	139.861	241.184
1505	154.146	25.2957	139.884	241.067
1506	154.053	25.2605	139.906	240.948
1507	153.872	25.2248	139.928	240.827
1508	154.408	25.1908	139.951	240.714
1509	154.201	25.1562	139.974	240.598
1510	154.256	25.1217	139.996	240.483
1511	154.209	25.0872	140.019	240.368
1512	153.92	25.0518	140.041	240.248
1513	153.935	25.0165	140.063	240.129
1514	154.067	24.9817	140.085	240.011
1515	154.041	24.9468	140.107	239.894
1516	154.043	24.9119	140.129	239.777
1517	154.065	24.8772	140.151	239.66
1518	154.342	24.8434	140.173	239.547
1519	154.733	24.8108	140.196	239.44
1520	154.488	24.7775	140.219	239.329
1521	154.038	24.7429	140.241	239.212
1522	153.925	24.7079	140.263	239.094
1523	154.379	24.6744	140.285	238.982
1524	154.275	24.6405	140.307	238.869
1525	154.201	24.6065	140.329	238.755
1526	154.036	24.572	140.351	238.639
1527	153.947	24.5373	140.372	238.522
1528	157.714	24.5145	140.4	238.458
1529	159.62	24.4978	140.43	238.421
1530	159.471	24.4805	140.46	238.382
1531	159.544	24.4634	140.49	238.344
1532	160.14	24.4482	140.522	238.314
1533	156.068	24.42	140.546	238.226
1534	153.764	24.3846	140.567	238.105
1535	153.5	24.3483	140.588	237.981
1536	153.335	24.3116	140.608	237.854
1537	154.979	24.2802	140.63	237.751
1538	156.094	24.2523	140.655	237.664
1539	156.446	24.2255	140.68	237.582
1540	155.784	24.1966	140.704	237.49
1541	155.085	24.1656	140.727	237.389
1542	153.905	24.1308	140.747	237.271
1543	153.545	24.0949	140.768	237.147
1544	152.958	24.0573	140.787	237.016
1545	152.697	24.0188	140.806	236.881
1546	152.824	23.9808	140.825	236.748
1547	153.21	23.9442	140.844	236.621
1548	152.949	23.9067	140.864	236.49
1549	152.853	23.869	140.883	236.358
1550	152.629	23.8306	140.901	236.224
1551	152.663	23.7924	140.92	236.089
1552	152.733	23.7545	140.938	235.956
1553	152.644	23.7164	140.957	235.822
1554	152.739	23.6786	140.976	235.69
1555	152.58	23.6404	140.994	235.556
1556	152.497	23.602	141.012	235.42
1557	152.72	23.5644	141.031	235.288
1558	152.57	23.5263	141.049	235.154
1559	152.685	23.4887	141.067	235.022
1560	152.845	23.4516	141.086	234.892
1561	152.79	23.4144	141.104	234.762
1562	152.861	23.3775	141.123	234.633
1563	153.059	23.3413	141.142	234.507
1564	152.667	23.3039	141.16	234.376
1565	152.361	23.2656	141.178	234.24
1566	152.416	23.2276	141.196	234.106
1567	152.65	23.1903	141.214	233.975
1568	152.947	23.1541	141.232	233.849
1569	152.826	23.1175	141.251	233.721
1570	152.579	23.0802	141.269	233.589
1571	152.487	23.0426	141.286	233.457
1572	152.611	23.0056	141.304	233.327
1573	153.3	22.9707	141.323	233.206
1574	153.48	22.9365	141.343	233.089
1575	153.435	22.9022	141.362	232.97
1576	153.085	22.8668	141.38	232.847
1577	153.766	22.8336	141.4	232.734
1578	153.508	22.7997	141.419	232.618
1579	153.635	22.7662	141.438	232.503
1580	153.114	22.7311	141.457	232.381
1581	153.228	22.6964	141.475	232.261
1582	156.183	22.6711	141.499	232.183
1583	159.884	22.6576	141.528	232.158
1584	160.139	22.6448	141.557	232.136
1585	156.622	22.6208	141.581	232.064
1586	153.395	22.5866	141.6	231.946
1587	152.123	22.5484	141.616	231.81
1588	153.264	22.5139	141.635	231.69
1589	154.619	22.4838	141.655	231.59
1590	154.441	22.4531	141.676	231.488
1591	154.568	22.4228	141.696	231.387
1592	153.94	22.3906	141.715	231.278
1593	152.846	22.355	141.733	231.153
1594	152.216	22.3174	141.75	231.019
1595	151.921	22.279	141.766	230.882
1596	152.267	22.2417	141.782	230.749
1597	152.044	22.2038	141.799	230.614
1598	152.137	22.1662	141.815	230.48
1599	152.141	22.1288	141.831	230.346
1600	152.109	22.0913	141.847	230.213
1601	151.967	22.0534	141.864	230.077
1602	151.795	22.015	141.879	229.939
1603	152.271	21.9782	141.896	229.809
1604	152.041	21.9408	141.912	229.675
1605	151.733	21.9024	141.927	229.537
1606	151.911	21.8647	141.943	229.402
1607	151.522	21.8258	141.958	229.262
1608	151.948	21.7884	141.974	229.128
1609	152.031	21.7513	141.99	228.995
1610	151.729	21.7132	142.005	228.858
1611	151.821	21.6756	142.021	228.723
1612	152.01	21.6386	142.037	228.591
1613	151.762	21.6009	142.052	228.456
1614	151.934	21.5638	142.068	228.323
1615	151.799	21.5264	142.083	228.189
1616	151.796	21.489	142.098	228.054
1617	151.802	21.4517	142.114	227.921
1618	151.827	21.4145	142.129	227.787
1619	151.829	21.3775	142.145	227.654
1620	151.845	21.3405	142.16	227.522
1621	151.759	21.3034	142.175	227.389
1622	152.055	21.2672	142.191	227.26
1623	152.139	21.2314	142.206	227.132
1624	151.462	21.1935	142.221	226.995
1625	151.929	21.1572	142.236	226.865
1626	151.586	21.1198	142.251	226.73
1627	151.54	21.0823	142.266	226.595
1628	152.193	21.047	142.282	226.47
1629	152.416	21.0125	142.298	226.348
1630	152.336	20.9778	142.314	226.225
1631	152.305	20.943	142.329	226.101
1632	155.766	20.9193	142.351	226.028
1633	158.011	20.9026	142.375	225.986
1634	158.59	20.8878	142.401	225.952
1635	154.591	20.8603	142.42	225.861
1636	152.257	20.8254	142.436	225.737
1637	152.218	20.7904	142.451	225.613
1638	152.417	20.7562	142.467	225.492
1639	152.517	20.7223	142.483	225.372
1640	153.176	20.6906	142.5	225.262
1641	153.316	20.6593	142.517	225.154
1642	153.192	20.6277	142.534	225.045
1643	152.747	20.5947	142.55	224.929
1644	151.975	20.5594	142.565	224.803
1645	151.348	20.5221	142.579	224.667
1646	151.166	20.4844	142.593	224.53
1647	151.208	20.4468	142.606	224.393
1648	151.1	20.409	142.62	224.256
1649	151.057	20.3711	142.633	224.117
1650	150.973	20.333	142.646	223.978
1651	150.931	20.2949	142.659	223.839
1652	150.703	20.2561	142.672	223.696
1653	151.054	20.2185	142.685	223.559
1654	151.368	20.182	142.699	223.427
1655	150.995	20.1444	142.712	223.29
1656	150.806	20.1063	142.725	223.15
1657	150.707	20.0679	142.738	223.009
1658	151.003	20.0306	142.751	222.873
1659	151.171	19.9938	142.764	222.739
1660	151.244	19.9574	142.777	222.607
1661	151.454	19.9217	142.791	222.478
1662	151.451	19.8861	142.805	222.349
1663	151.334	19.8501	142.818	222.219
1664	151.491	19.8148	142.832	222.091
1665	151.614	19.7798	142.846	221.965
1666	151.329	19.7441	142.859	221.836
1667	151.242	19.7081	142.873	221.705
1668	151.359	19.6726	142.886	221.577
1669	151.354	19.6372	142.899	221.448
1670	151.769	19.6031	142.913	221.326
1671	151.599	19.5685	142.927	221.201
1672	151.694	19.5344	142.941	221.079
1673	151.538	19.4997	142.955	220.954
1674	151.761	19.4659	142.969	220.832
1675	151.524	19.4314	142.982	220.708
1676	151.551	19.397	142.996	220.584
1677	151.086	19.3612	143.009	220.453
1678	151.28	19.3261	143.022	220.326
1679	151.589	19.2921	143.035	220.204
1680	151.665	19.2583	143.049	220.082
1681	151.755	19.225	143.063	219.962
1682	151.822	19.1918	143.076	219.844
1683	151.564	19.158	143.09	219.722
1684	155.96	19.1381	143.11	219.662
1685	159.359	19.1289	143.136	219.652
1686	155.772	19.1084	143.156	219.589
1687	153.71	19.0813	143.173	219.498
1688	153.508	19.0536	143.189	219.403
1689	153.992	19.0275	143.206	219.316
1690	153.921	19.0012	143.223	219.228
1691	154.67	18.9773	143.241	219.15
1692	154.977	18.9544	143.26	219.077
1693	155.472	18.933	143.279	219.011
1694	155.039	18.9103	143.298	218.939
1695	154.142	18.8848	143.315	218.854
1696	154.936	18.8618	143.333	218.781
1697	153.962	18.8361	143.35	218.694
1698	153.797	18.8099	143.366	218.606
1699	153.791	18.7837	143.382	218.517
1700	153.539	18.7567	143.398	218.425
1701	153.996	18.7312	143.415	218.34
1702	153.482	18.7042	143.431	218.247
1703	153.797	18.6781	143.447	218.159
1704	153.997	18.6527	143.463	218.074
1705	153.114	18.6246	143.478	217.977
1706	153.184	18.5967	143.494	217.88
1707	153.845	18.5709	143.51	217.793
1708	153.769	18.545	143.526	217.706
1709	153.888	18.5194	143.542	217.619
1710	153.886	18.4938	143.558	217.533
1711	153.891	18.4683	143.574	217.448
1712	153.968	18.4431	143.59	217.363
1713	153.961	18.4179	143.607	217.278
1714	153.907	18.3925	143.623	217.193
1715	154.053	18.3676	143.639	217.11
1716	153.934	18.3424	143.655	217.025
1717	153.951	18.3173	143.671	216.94
1718	153.916	18.292	143.687	216.855
1719	153.898	18.2668	143.703	216.77
1720	153.958	18.2417	143.719	216.686
1721	153.879	18.2165	143.735	216.601
1722	153.69	18.1907	143.751	216.513
1723	153.812	18.1653	143.766	216.427
1724	153.728	18.1396	143.782	216.34
1725	154.009	18.1149	143.798	216.257
1726	154.001	18.0902	143.814	216.175
1727	153.533	18.064	143.829	216.085
1728	153.813	18.0388	143.845	216
1729	153.623	18.0129	143.86	215.912
1730	154.17	17.9889	143.876	215.832
1731	154.117	17.9647	143.892	215.751
1732	153.714	17.9392	143.907	215.664
1733	153.131	17.912	143.922	215.57
1734	152.755	17.8836	143.936	215.47
1735	156.648	17.8674	143.955	215.425
1736	159.752	17.861	143.98	215.424
1737	160.227	17.8559	144.006	215.429
1738	160.144	17.8506	144.031	215.433
1739	160.297	17.8456	144.056	215.439
1740	160.382	17.8409	144.082	215.445
1741	157.928	17.8284	144.103	215.417
1742	154.504	17.8052	144.12	215.34
1743	155.496	17.7851	144.137	215.278
1744	156.209	17.7672	144.156	215.225
1745	156.824	17.7513	144.176	215.181
1746	157.001	17.7359	144.196	215.14
1747	155.978	17.7173	144.214	215.084
1748	154.999	17.6956	144.231	215.014
1749	154.44	17.6722	144.247	214.936
1750	153.853	17.647	144.262	214.85
1751	153.683	17.6213	144.277	214.762
1752	153.889	17.5963	144.292	214.677
1753	153.95	17.5715	144.307	214.593
1754	153.911	17.5466	144.322	214.508
1755	153.876	17.5216	144.337	214.423
1756	153.778	17.4963	144.352	214.337
1757	154.056	17.472	144.367	214.255
1758	153.921	17.4473	144.382	214.171
1759	154.005	17.4228	144.397	214.088
1760	154.158	17.3989	144.412	214.008
1761	153.924	17.3742	144.427	213.924
1762	153.769	17.3491	144.442	213.838
1763	154.018	17.3248	144.457	213.756
1764	153.824	17.3	144.471	213.671
1765	153.839	17.2752	144.486	213.586
1766	154.649	17.2529	144.502	213.513
1767	154.083	17.229	144.517	213.433
1768	153.985	17.2047	144.531	213.35
1769	154.029	17.1806	144.546	213.269
1770	153.931	17.1563	144.561	213.186
1771	153.525	17.1307	144.575	213.098
1772	153.626	17.1054	144.589	213.011
1773	153.806	17.0808	144.604	212.927
1774	153.527	17.0553	144.617	212.839
1775	153.732	17.0305	144.632	212.754
1776	153.864	17.0061	144.646	212.67
1777	153.631	16.981	144.66	212.584
1778	153.614	16.9559	144.674	212.498
1779	153.762	16.9313	144.688	212.414
1780	153.623	16.9064	144.702	212.328
1781	153.348	16.8805	144.716	212.238
1782	153.657	16.8557	144.73	212.153
1783	153.648	16.8309	144.744	212.067
1784	153.309	16.8051	144.757	211.978
1785	153.146	16.7788	144.77	211.885
1786	157.234	16.7653	144.79	211.851
1787	159.565	16.7591	144.813	211.849
1788	159.486	16.7526	144.836	211.846
1789	160.238	16.7484	144.86	211.853
1790	160.934	16.7462	144.885	211.87
1791	157.517	16.7334	144.905	211.838
1792	154.838	16.7121	144.92	211.769
1793	155.366	16.6926	144.936	211.707
1794	156.728	16.6772	144.955	211.664
1795	157.63	16.6647	144.975	211.634
1796	158.268	16.6542	144.995	211.612
1797	157.958	16.6427	145.016	211.586
1798	157.459	16.6295	145.035	211.553
1799	156.237	16.6126	145.053	211.503
1800	155.367	16.5929	145.069	211.44
1801	154.739	16.5713	145.084	211.369
1802	154.574	16.5491	145.099	211.295
1803	154.792	16.5277	145.114	211.225
1804	154.535	16.5055	145.129	211.151
1805	154.481	16.4831	145.143	211.076
1806	154.715	16.4615	145.158	211.004
1807	154.639	16.4397	145.173	210.932
1808	154.402	16.4172	145.187	210.856
1809	154.564	16.3952	145.202	210.783
1810	154.398	16.3727	145.216	210.707
1811	154.511	16.3506	145.231	210.633
1812	154.061	16.3271	145.245	210.553
1813	154.186	16.304	145.259	210.475
1814	154.314	16.2813	145.273	210.398
1815	154.371	16.2589	145.287	210.323
1816	154.23	16.236	145.301	210.245
1817	154.343	16.2136	145.315	210.169
1818	154.022	16.1901	145.329	210.089
1819	154.298	16.1675	145.343	210.013
1820	153.877	16.1437	145.356	209.931
1821	153.991	16.1202	145.37	209.85
1822	154.276	16.0977	145.384	209.774
1823	154.225	16.075	145.397	209.697
1824	154.052	16.0518	145.411	209.618
1825	153.89	16.0281	145.424	209.537
1826	154.136	16.0053	145.438	209.459
1827	154.011	15.9821	145.451	209.379
1828	154.175	15.9594	145.465	209.302
1829	154.115	15.9365	145.478	209.224
1830	154.362	15.9145	145.492	209.15
1831	153.901	15.891	145.505	209.069
1832	154.029	15.868	145.519	208.991
1833	154.249	15.8457	145.532	208.915
1834	154.388	15.8239	145.546	208.842
1835	153.728	15.8	145.559	208.759
1836	153.481	15.7754	145.571	208.673
1837	158.145	15.7654	145.591	208.652
1838	160.277	15.762	145.614	208.662
1839	160.089	15.758	145.636	208.668
1840	159.496	15.752	145.658	208.666
1841	159.95	15.7475	145.68	208.67
1842	160.509	15.7446	145.704	208.682
1843	156.722	15.7298	145.721	208.64
1844	154.207	15.7072	145.734	208.563
1845	153.975	15.6839	145.747	208.482
1846	155.048	15.6639	145.762	208.417
1847	156.059	15.6471	145.778	208.366
1848	156.243	15.6309	145.794	208.318
1849	156.738	15.6163	145.811	208.276
1850	155.258	15.597	145.826	208.214
1851	154.328	15.5748	145.839	208.138
1852	153.656	15.5506	145.851	208.054
1853	153.707	15.5266	145.864	207.97
1854	153.51	15.5019	145.876	207.883
1855	153.404	15.477	145.887	207.795
1856	154.105	15.4543	145.9	207.717
1857	154.481	15.4328	145.914	207.645
1858	154.057	15.4101	145.926	207.567
1859	154.189	15.3877	145.939	207.49
1860	154.367	15.366	145.952	207.416
1861	154.02	15.3432	145.965	207.338
1862	154.351	15.3214	145.978	207.264
1863	153.949	15.2985	145.991	207.184
1864	154.218	15.2764	146.003	207.109
1865	154.07	15.2538	146.016	207.031
1866	154.068	15.2313	146.029	206.954
1867	153.954	15.2085	146.041	206.875
1868	153.894	15.1855	146.053	206.795
1869	153.881	15.1625	146.065	206.716
1870	154.339	15.141	146.078	206.642
1871	153.867	15.118	146.091	206.563
1872	154.354	15.0966	146.103	206.49
1873	154.312	15.0751	146.116	206.417
1874	154.347	15.0537	146.129	206.344
1875	154.069	15.0315	146.142	206.267
1876	154.317	15.01	146.154	206.194
1877	154.274	14.9885	146.167	206.121
1878	154.337	14.9672	146.18	206.049
1879	154.358	14.946	146.193	205.976
1880	154.673	14.9258	146.206	205.909
1881	154.837	14.9061	146.219	205.844
1882	154.32	14.8848	146.232	205.771
1883	154.251	14.8634	146.244	205.698
1884	154.2	14.8418	146.257	205.624
1885	154.211	14.8203	146.269	205.55
1886	154.247	14.7989	146.282	205.477
1887	154.451	14.7782	146.295	205.407
1888	154.113	14.7564	146.307	205.332
1889	158.218	14.7475	146.325	205.315
1890	161.501	14.7489	146.349	205.345
1891	161.85	14.7512	146.373	205.378
1892	161.964	14.7538	146.398	205.413
1893	162.308	14.7574	146.423	205.452
1894	163.305	14.7641	146.449	205.505
1895	159.936	14.7601	146.47	205.51
1896	157.658	14.7489	146.487	205.483
1897	158.035	14.7389	146.506	205.461
1898	158.433	14.7301	146.524	205.445
1899	158.397	14.7212	146.543	205.428
1900	158.426	14.7123	146.561	205.411
1901	157.746	14.7013	146.579	205.384
1902	157.175	14.6885	146.595	205.349
1903	156.554	14.6737	146.611	205.306
1904	155.795	14.6566	146.625	205.251
1905	155.23	14.6376	146.639	205.189
1906	155.109	14.6184	146.652	205.125
1907	155.317	14.5998	146.665	205.065
1908	155.167	14.5807	146.679	205.002
1909	155.04	14.5613	146.692	204.937
1910	155.175	14.5423	146.705	204.874
1911	154.941	14.5226	146.718	204.808
1912	155.053	14.5032	146.731	204.744
1913	154.92	14.4835	146.744	204.678
1914	154.924	14.4638	146.756	204.612
1915	154.947	14.4442	146.769	204.546
1916	155.663	14.4269	146.783	204.491
1917	155.296	14.4084	146.796	204.43
1918	155.119	14.3894	146.809	204.367
1919	154.871	14.3696	146.822	204.3
1920	154.879	14.3499	146.835	204.234
1921	154.951	14.3304	146.847	204.169
1922	154.649	14.31	146.86	204.099
1923	154.833	14.2902	146.872	204.033
1924	154.962	14.2708	146.885	203.968
1925	154.946	14.2514	146.897	203.903
1926	153.824	14.2285	146.908	203.822
1927	154.234	14.2069	146.92	203.747
1928	154.96	14.1877	146.932	203.683
1929	154.473	14.1669	146.944	203.611
1930	154.897	14.1475	146.956	203.546
1931	155.322	14.1294	146.969	203.487
1932	155.184	14.1109	146.982	203.426
1933	155.202	14.0925	146.995	203.365
1934	155.38	14.0747	147.008	203.307
1935	155.751	14.058	147.022	203.254
1936	155.322	14.04	147.035	203.195
1937	155.393	14.0223	147.048	203.137
1938	155.368	14.0044	147.061	203.079
1939	159.016	13.998	147.08	203.072
1940	161.183	13.9984	147.102	203.095
1941	160.935	13.9978	147.123	203.115
1942	160.498	13.9959	147.144	203.128
1943	161.38	13.9966	147.166	203.153
1944	161.702	13.9983	147.189	203.182
1945	162.193	14.0015	147.212	203.218
1946	158.887	13.9942	147.231	203.208
1947	156.446	13.9793	147.245	203.162
1948	157.167	13.9666	147.261	203.127
1949	156.931	13.9532	147.276	203.088
1950	157.056	13.9401	147.291	203.051
1951	156.969	13.9268	147.306	203.013
1952	156.969	13.9135	147.321	202.975
1953	156.355	13.8982	147.335	202.928
1954	155.349	13.8798	147.348	202.867
1955	154.545	13.859	147.359	202.795
1956	154.313	13.8374	147.37	202.719
1957	154.252	13.8156	147.381	202.643
1958	154.064	13.7934	147.391	202.565
1959	154.078	13.7711	147.402	202.486
1960	154.35	13.7498	147.412	202.412
1961	154.086	13.7277	147.423	202.334
1962	154.1	13.7057	147.433	202.256
1963	154.356	13.6845	147.444	202.182
1964	154.508	13.6638	147.455	202.11
1965	154.451	13.643	147.466	202.038
1966	153.979	13.6207	147.476	201.959
1967	154.319	13.5995	147.487	201.885
1968	154.513	13.579	147.498	201.814
1969	154.344	13.5579	147.509	201.74
1970	154.259	13.5366	147.519	201.666
1971	154.32	13.5156	147.53	201.592
1972	154.821	13.4961	147.541	201.526
1973	154.423	13.4755	147.552	201.454
1974	154.614	13.4554	147.563	201.385
1975	154.248	13.4343	147.573	201.311
1976	154.528	13.414	147.584	201.24
1977	154.26	13.393	147.595	201.167
1978	154.466	13.3726	147.605	201.096
1979	154.626	13.3527	147.616	201.027
1980	154.667	13.333	147.627	200.96
1981	154.754	13.3136	147.639	200.893
1982	154.646	13.2939	147.65	200.825
1983	154.4	13.2735	147.66	200.754
1984	154.423	13.2531	147.671	200.683
1985	154.581	13.2333	147.681	200.615
1986	154.8	13.2142	147.693	200.549
1987	155.57	13.1975	147.705	200.495
1988	155.072	13.1793	147.716	200.434
1989	154.808	13.1603	147.727	200.369
1990	154.509	13.1404	147.738	200.3
1991	158.263	13.1322	147.755	200.283
1992	160.68	13.1315	147.775	200.301
1993	160.334	13.1297	147.794	200.313
1994	160.574	13.1287	147.814	200.329
1995	161.161	13.1293	147.835	200.353
1996	161.903	13.1323	147.857	200.386
1997	157.505	13.1214	147.872	200.358
1998	156.357	13.1069	147.885	200.313
1999	157.174	13.095	147.9	200.28
2000	157.743	13.0848	147.915	200.255
2001	158.162	13.0759	147.931	200.235
2002	157.977	13.0665	147.947	200.213
2003	157.566	13.0557	147.962	200.185
2004	157.222	13.0438	147.977	200.152
2005	157.037	13.0314	147.991	200.116
2006	155.953	13.0155	148.003	200.065
2007	155.283	12.9976	148.015	200.005
2008	154.886	12.9785	148.025	200
2009	153.7	12.9556	148.034	200
2010	154.118	12.9342	148.044	200
2011	154.422	12.9137	148.054	200
2012	154.554	12.8936	148.064	200
2013	154.299	12.8728	148.074	200
2014	154.279	12.852	148.083	200
2015	154.412	12.8316	148.093	200
2016	154.386	12.8112	148.103	200
2017	155.5	12.7943	148.115	200
2018	155.392	12.7772	148.126	200
2019	155.204	12.7596	148.137	200
2020	155.32	12.7424	148.148	200
2021	155.194	12.7248	148.159	200
2022	155.553	12.7084	148.17	200
2023	155.32	12.6912	148.181	200
2024	155.347	12.6742	148.192	200
2025	155.089	12.6564	148.203	200
2026	155.243	12.639	148.214	200
2027	155.17	12.6215	148.224	200
2028	155.675	12.6055	148.236	200
2029	155.592	12.5893	148.247	200
2030	155.362	12.5724	148.258	200
2031	154.971	12.5543	148.269	200
2032	155.167	12.5369	148.279	200
2033	154.763	12.5182	148.289	200
2034	154.937	12.5001	148.299	200
2035	154.882	12.4818	148.31	200
2036	154.967	12.4638	148.32	200
2037	155.038	12.4461	148.33	200
2038	154.942	12.4281	148.34	200
2039	155.19	12.4109	148.351	200
2040	155.054	12.3933	148.361	200
2041	154.235	12.3731	148.37	200
2042	154.231	12.353	148.379	200
2043	158.456	12.346	148.395	200
2044	161.731	12.3491	148.416	200
2045	162.06	12.3531	148.437	200
2046	162.363	12.3579	148.458	200
2047	162.18	12.3621	148.479	200
2048	162.846	12.3683	148.502	200
2049	163.449	12.3763	148.525	200
2050	160.149	12.374	148.543	200
2051	157.251	12.3626	148.556	200
2052	157.73	12.3528	148.57	200
2053	157.875	12.3434	148.584	200
2054	157.864	12.3339	148.599	200
2055	157.574	12.3236	148.613	200
2056	157.044	12.3116	148.626	200
2057	155.684	12.2954	148.637	200
2058	155.248	12.2778	148.647	200
2059	154.734	12.2587	148.656	200
2060	155.165	12.241	148.666	200
2061	154.727	12.2219	148.676	200
2062	154.988	12.2036	148.685	200
2063	155.105	12.1858	148.695	200
2064	154.556	12.1663	148.704	200
2065	154.535	12.1467	148.713	200
2066	154.614	12.1274	148.722	200
2067	154.661	12.1083	148.732	200
2068	154.881	12.0899	148.741	200
2069	154.817	12.0714	148.75	200
2070	154.971	12.0533	148.76	200
2071	154.929	12.0352	148.769	200
2072	155.366	12.0184	148.78	200
2073	155.018	12.0005	148.789	200
2074	155.019	11.9827	148.799	200
2075	155.254	11.9657	148.809	200
2076	155.302	11.9488	148.819	200
2077	154.121	11.9283	148.827	200
2078	154.58	11.9092	148.836	200
2079	154.973	11.8914	148.845	200
2080	155.252	11.8745	148.855	200
2081	154.839	11.8563	148.865	200
2082	155.022	11.8387	148.874	200
2083	155.109	11.8214	148.884	200
2084	155.144	11.8042	148.893	200
2085	155.027	11.7867	148.903	200
2086	155.083	11.7694	148.912	200
2087	155.146	11.7523	148.922	200
2088	155.235	11.7355	148.932	200
2089	155.12	11.7184	148.941	200
2090	155.236	11.7017	148.951	200
2091	155.074	11.6845	148.96	200
2092	154.575	11.6657	148.969	200
2093	158.994	11.6607	148.985	200
2094	160.447	11.6601	149.002	200
2095	160.575	11.6598	149.02	200
2096	160.449	11.6591	149.038	200
2097	160.779	11.6593	149.056	200
2098	161.244	11.661	149.075	200
2099	161.611	11.6637	149.094	200
2100	158.261	11.656	149.108	200
2101	157.086	11.6446	149.12	200
2102	158.078	11.6363	149.134	200
2103	158.953	11.6307	149.149	200
2104	158.885	11.6249	149.164	200
2105	158.808	11.6187	149.179	200
2106	158.47	11.6116	149.194	200
2107	157.884	11.6025	149.207	200
2108	157.402	11.592	149.22	200
2109	156.964	11.5802	149.232	200
2110	156.739	11.5676	149.243	200
2111	155.94	11.5525	149.254	200
2112	155.59	11.5364	149.263	200
2113	155.407	11.5198	149.273	200
2114	155.315	11.5029	149.282	200
2115	155.318	11.486	149.292	200
2116	155.027	11.4683	149.3	200
2117	154.888	11.4501	149.309	200
2118	154.692	11.4314	149.317	200
2119	155.235	11.4144	149.326	200
2120	155.206	11.3973	149.335	200
2121	154.76	11.3789	149.344	200
2122	155.405	11.3625	149.353	200
2123	155.067	11.345	149.362	200
2124	154.551	11.326	149.37	200
2125	154.659	11.3074	149.378	200
2126	154.823	11.2893	149.387	200
2127	154.887	11.2714	149.395	200
2128	154.684	11.253	149.403	200
2129	154.776	11.2348	149.412	200
2130	155.077	11.2176	149.42	200
2131	155.226	11.2009	149.429	200
2132	155.023	11.1836	149.438	200
2133	154.621	11.1651	149.446	200
2134	155.083	11.148	149.455	200
2135	154.787	11.1301	149.463	200
2136	155.043	11.113	149.471	200
2137	155.198	11.0963	149.48	200
2138	155.148	11.0796	149.489	200
2139	155.042	11.0625	149.498	200
2140	154.725	11.0445	149.506	200
2141	155.346	11.0284	149.515	200
2142	155.617	11.0132	149.524	200
2143	155.406	10.9974	149.533	200
2144	155.145	10.9808	149.542	200
2145	154.854	10.9633	149.55	200
2146	158.397	10.9568	149.564	200
2147	160.142	10.9556	149.58	200
2148	159.809	10.9533	149.596	200
2149	160.288	10.9525	149.612	200
2150	160.924	10.9536	149.63	200
2151	161.734	10.9572	149.648	200
2152	158.569	10.9509	149.662	200
2153	157.176	10.9403	149.674	200
2154	158.254	10.933	149.687	200
2155	158.678	10.927	149.701	200
2156	159.031	10.9221	149.715	200
2157	158.508	10.9155	149.729	200
2158	158.178	10.9079	149.742	200
2159	157.331	10.8977	149.754	200
2160	156.674	10.8854	149.764	200
2161	156.163	10.8715	149.774	200
2162	155.539	10.8558	149.783	200
2163	155.461	10.8398	149.792	200
2164	155.816	10.8249	149.801	200
2165	155.212	10.8082	149.809	200
2166	155.301	10.7918	149.818	200
2167	155.318	10.7755	149.826	200
2168	155.75	10.7605	149.836	200
2169	155.367	10.7444	149.844	200
2170	155.733	10.7294	149.853	200
2171	155.521	10.7138	149.862	200
2172	155.616	10.6985	149.871	200
2173	155.267	10.6821	149.879	200
2174	155.602	10.6668	149.888	200
2175	155.582	10.6514	149.897	200
2176	155.344	10.6354	149.905	200
2177	155.557	10.62	149.914	200
2178	155.044	10.603	149.922	200
2179	155.642	10.588	149.931	200
2180	155.73	10.5732	149.94	200
2181	156.027	10.5594	149.949	200
2182	155.989	10.5454	149.958	200
2183	156.058	10.5317	149.968	200
2184	155.972	10.5177	149.977	200
2185	155.839	10.5033	149.986	200
2186	155.997	10.4895	149.995	200
2187	156.028	10.4757	150.005	200
2188	156.387	10.4631	150.014	200
2189	156.164	10.4498	150.024	200
2190	155.382	10.4341	150.032	200
2191	155.713	10.4194	150.041	200
2192	156.384	10.4068	150.051	200
2193	156.343	10.3941	150.06	200
2194	156.366	10.3815	150.07	200
2195	156.305	10.3687	150.08	200
2196	156.07	10.3552	150.089	200
2197	160.177	10.3543	150.105	200
2198	163.499	10.3637	150.125	200
2199	164.233	10.3753	150.147	200
2200	164.486	10.3875	150.169	200
2201	164.621	10.4001	150.192	200
2202	165.315	10.4146	150.215	200
2203	166.342	10.4323	150.24	200
2204	167.331	10.4528	150.266	200
2205	164.067	10.4632	150.287	200
2206	161.155	10.4644	150.304	200
2207	161.339	10.4662	150.321	200
2208	161.136	10.4672	150.338	200
2209	161.012	10.4679	150.354	200
2210	162.13	10.4719	150.373	200
2211	161.817	10.4749	150.39	200
2212	160.802	10.4747	150.406	200
2213	159.577	10.4707	150.42	200
2214	158.202	10.4624	150.432	200
2215	157.589	10.4522	150.443	200
2216	157.202	10.4408	150.454	200
2217	156.709	10.4279	150.464	200
2218	156.577	10.4146	150.473	200
2219	156.907	10.4023	150.483	200
2220	156.997	10.3903	150.493	200
2221	156.855	10.3778	150.503	200
2222	156.665	10.3648	150.512	200
2223	156.98	10.3526	150.522	200
2224	156.732	10.3397	150.532	200
2225	156.898	10.3271	150.542	200
2226	157.002	10.3149	150.552	200
2227	156.929	10.3023	150.563	200
2228	157.359	10.291	150.574	200
2229	156.892	10.2781	150.584	200
2230	156.372	10.2635	150.593	200
2231	156.538	10.2493	150.603	200
2232	156.255	10.2342	150.612	200
2233	155.49	10.2164	150.62	200
2234	155.1	10.1972	150.628	200
2235	155.195	10.1782	150.636	200
2236	155.152	10.1591	150.643	200
2237	154.29	10.1368	150.649	200
2238	154.073	10.1138	150.655	200
2239	154.207	10.091	150.661	200
2240	153.81	10.0669	150.667	200
2241	153.534	10.0416	150.672	200
2242	153.074	10.0147	150.676	200
2243	153.129	9.98765	150.681	200
2244	152.966	9.96015	150.685	200
2245	153.045	9.93261	150.689	200
2246	152.517	9.90324	150.692	200
2247	152.582	9.87378	150.696	200
2248	152.249	9.84319	150.699	200
2249	152.042	9.81148	150.701	200
2250	151.975	9.77962	150.703	200
2251	151.479	9.74551	150.705	200
2252	151.092	9.71006	150.706	200
2253	150.906	9.67349	150.706	200
2254	150.957	9.63725	150.707	200
2255	146.535	9.6159	150.698	200
2256	146.346	9.59534	150.69	200
2257	146.105	9.57545	150.681	200
2258	145.708	9.55719	150.671	200
2259	145.165	9.54085	150.66	200
2260	144.707	9.52638	150.648	200
2261	144.116	9.51411	150.634	200
2262	143.626	9.50385	150.62	200
2263	142.578	9.49775	150.603	200
2264	141.585	9.49576	150.585	200
2265	140.822	9.49689	150.564	200
2266	140.853	9.4978	150.543	200
2267	140.711	9.49924	150.522	200
2268	140.745	9.50044	150.501	200
2269	140.626	9.50208	150.479	200
2270	140.393	9.50464	150.457	200
2271	140.875	9.50499	150.436	200
2272	140.594	9.50649	150.414	200
2273	140.917	9.50645	150.392	200
2274	141.671	9.50288	150.372	200
2275	142.002	9.49763	150.353	200
2276	141.848	9.49304	150.333	200
2277	141.765	9.48868	150.313	200
2278	141.638	9.48484	150.293	200
2279	141.153	9.48318	150.271	200
2280	141.14	9.48148	150.249	200
2281	140.658	9.48202	150.225	200
2282	140.436	9.48353	150.201	200
2283	140.419	9.48502	150.177	200
2284	139.844	9.48926	150.151	200
2285	139.966	9.49281	150.125	200
2286	139.395	9.49912	150.098	200
2287	139.493	9.50488	150.07	200
2288	139.346	9.51123	150.042	200
2289	139.048	9.51912	150.013	200
2290	138.782	9.52822	149.983	200
2291	138.313	9.53987	149.951	200
2292	138.105	9.5524	149.919	200
2293	137.829	9.5665	149.886	200
2294	137.827	9.58034	149.852	200
2295	137.666	9.59515	149.817	200
2296	137.231	9.61214	149.782	200
2297	137.37	9.62842	149.746	200
2298	136.651	9.64857	149.708	200
2299	136.383	9.67045	149.668	200
2300	136.209	9.693	149.628	200
2301	136.127	9.71622	149.587	200
2302	135.508	9.74282	149.544	200
2303	134.977	9.77297	149.498	200
2304	134.036	9.80853	149.45	200
2305	134.177	9.84355	149.401	200
2306	134.337	9.87702	149.353	200
2307	134.188	9.91181	149.303	200
2308	130.342	9.97134	149.24	200
2309	127.531	10.0506	149.167	200
2310	127.482	10.1293	149.094	200
2311	127.044	10.212	149.017	200
2312	126.449	10.2978	148.939	200
2313	125.593	10.391	148.855	200
2314	124.766	10.4889	148.769	200
2315	123.553	10.5972	148.677	200
2316	122.047	10.7151	148.579	200
2317	121.201	10.8413	148.475	200
2318	120.433	10.9716	148.369	200
2319	120.125	11.1065	148.259	200
2320	120.139	11.2395	148.149	200
2321	119.603	11.379	148.034	200
2322	119.524	11.5172	147.919	200
2323	119.112	11.6613	147.799	200
2324	118.649	11.807	147.677	200
2325	118.595	11.9559	147.552	200
2326	117.812	12.1092	147.424	200
2327	117.843	12.2652	147.292	200
2328	117.505	12.4217	147.159	200
2329	117.383	12.5823	147.021	200
2330	116.855	12.7452	146.881	200
2331	117.023	12.9097	146.738	200
2332	116.362	13.0776	146.592	200
2333	116.461	13.2482	146.441	200
2334	116.207	13.418	146.29	200
2335	116.312	13.5905	146.134	200.496
2336	115.903	13.7639	145.976	201.032
2337	115.628	13.9441	145.811	201.588
2338	115.659	14.1203	145.647	202.129
2339	115.365	14.304	145.475	202.691
2340	115.373	14.4835	145.304	203.238
2341	115.063	14.6711	145.124	203.809
2342	115.479	14.8493	144.948	204.345
2343	115.216	15.0354	144.762	204.903
2344	114.792	15.2221	144.575	205.463
2345	114.68	15.4151	144.378	206.038
2346	114.419	15.6065	144.181	206.607
2347	114.132	15.8071	143.972	207.2
2348	114.176	16.0014	143.765	207.771
2349	113.869	16.2057	143.545	208.368
2350	113.47	16.4097	143.324	208.963
2351	112.931	16.6282	143.087	209.599
2352	113.06	16.8375	142.852	210.202
2353	112.592	17.0612	142.6	210.845
2354	112.357	17.2809	142.348	211.472
2355	111.714	17.5194	142.075	212.152
2356	111.696	17.749	141.803	212.799
2357	111.436	17.9916	141.511	213.478
2358	111.124	18.23	141.219	214.139
2359	110.981	18.4802	140.904	214.825
2360	106.831	18.805	140.549	215.769
2361	102.946	19.2323	140.122	217.051
2362	101.698	19.6684	139.685	218.359
2363	101.24	20.1379	139.205	219.756
2364	100.74	20.596	138.724	221.108
2365	100.161	21.0951	138.188	222.569
2366	98.6678	21.6069	137.639	224.067
2367	97.4903	22.1864	137.012	225.758
2368	96.6594	22.7541	136.382	227.398
2369	96.1811	23.3772	135.664	229.172
2370	95.5782	23.9739	134.948	230.843
2371	95.0019	24.6394	134.116	232.673
2372	94.9704	25.2438	133.3	234.275
2373	92.5102	26.0211	132.28	236.365
2374	92.6497	26.7016	131.29	238.096
2375	92.5588	27.4534	130.079	239.893
2376	92.8754	28.0628	128.917	241.168
2377	92.8829	28.7271	127.415	242.324
2378	92.7598	29.2211	125.971	242.856
2379	92.9303	29.6986	123.906	242.701
2380	92.7859	29.8763	121.961	241.466
2381	92.763	29.7068	118.311	237.139
2382	91.8576	28.8936	115.005	230.579
2383	91.3421	27.5858	112.047	222.39
