time	cwndsize
0.00486023	2
0.00962833	3
0.0104594	4
0.0140452	5
0.0146003	6
0.0158582	7
0.0164295	8
0.0189938	9
0.0194144	10
0.0201522	11
0.0224529	12
0.0232628	13
0.0238392	14
0.0255361	15
0.027687	16
0.0283807	17
0.0289423	18
0.0294869	19
0.0300435	20
0.030598	21
0.0312296	22
0.0317795	23
0.0323434	24
0.0329928	25
0.0339421	26
0.0348795	27
0.0362644	28
0.0381413	29
0.0387817	30
0.0392875	31
0.0395596	32
0.0398857	33
0.0401523	34
0.040412	35
0.0406814	36
0.0409509	37
0.0412026	38
0.0414858	39
0.0417918	40
0.0421081	41
0.044158	42
0.0443611	43
0.0447095	44
0.0455038	45
0.0466906	46
0.0474768	47
0.0480369	48
0.0488471	49
0.0493251	50
0.0541326	51
0.0548397	52
0.0669914	53
0.0771133	54
0.0776099	55
0.0779718	56
0.0784825	57
0.0793721	58
0.0797402	59
0.080515	60
0.0812778	61
0.0821925	62
0.0830175	63
0.0838397	64
0.0843656	65
0.0856829	66
0.0863484	67
0.0866023	68
0.0876884	69
0.0885428	70
0.089422	71
0.0902707	72
0.0911288	73
0.0920033	74
0.0927732	75
0.0932875	76
0.0941741	77
0.0949594	78
0.0957606	79
0.0965783	80
0.0974221	81
0.0978922	82
0.0985056	83
0.104232	84
0.122281	85
0.124471	86
0.125067	87
0.125583	88
0.126186	89
0.127155	90
0.127744	91
0.12864	92
0.12952	93
0.130389	94
0.131191	95
0.132075	96
0.132936	97
0.133727	98
0.134549	99
0.135359	100
0.13616	101
0.136969	102
0.137779	103
0.138863	104
0.139699	105
0.140304	106
0.141221	107
0.142054	108
0.142844	109
0.143662	110
0.1448	111
0.145675	112
0.146966	113
0.147646	114
0.148405	115
0.148873	116
0.14965	117
0.154116	118
0.165723	119
0.173573	120
0.174222	121
0.174611	122
0.175334	123
0.176084	124
0.176588	125
0.176998	126
0.178025	127
0.178659	128
0.179239	129
0.179836	130
0.180736	131
0.181636	132
0.182237	133
0.183036	134
0.18398	135
0.184586	136
0.185313	137
0.18627	138
0.187433	139
0.188103	140
0.188674	141
0.189343	142
0.190243	143
0.190934	144
0.191546	145
0.192587	146
0.193179	147
0.194135	148
0.194852	149
0.195819	150
0.196435	151
0.197459	152
0.198375	153
0.198988	154
0.199543	155
0.204242	156
0.219287	157
0.226666	158
0.227434	159
0.228062	160
0.228357	161
0.228751	162
0.229592	163
0.230487	164
0.231361	165
0.231921	166
0.232914	167
0.233809	168
0.234579	169
0.235109	170
0.235971	171
0.236868	172
0.237641	173
0.238157	174
0.239116	175
0.239953	176
0.240471	177
0.241322	178
0.242316	179
0.24323	180
0.243711	181
0.244583	182
0.245248	183
0.246125	184
0.246818	185
0.247712	186
0.248235	187
0.24875	188
0.253591	189
0.270409	190
0.273407	191
0.274121	192
0.274616	193
0.275415	194
0.276265	195
0.277207	196
0.278158	197
0.278933	198
0.279712	199
0.28047	200
0.281286	201
0.282121	202
0.282645	203
0.283679	204
0.284231	205
0.284982	206
0.285952	207
0.287306	208
0.288053	209
0.288355	210
0.288907	211
0.28967	212
0.290534	213
0.29141	214
0.291953	215
0.292696	216
0.293551	217
0.294495	218
0.295087	219
0.296272	220
0.297193	221
0.297668	222
0.298187	223
0.298685	224
0.303746	225
0.319088	226
0.323348	227
0.323972	228
0.324374	229
0.324903	230
0.325646	231
0.326537	232
0.32747	233
0.328288	234
0.329067	235
0.329568	236
0.330434	237
0.331289	238
0.332221	239
0.332724	240
0.333486	241
0.334299	242
0.335106	243
0.336021	244
0.336849	245
0.337694	246
0.338207	247
0.338989	248
0.339923	249
0.340762	250
0.341274	251
0.342129	252
0.342947	253
0.343846	254
0.344297	255
0.345152	256
0.345955	257
0.346801	258
0.347636	259
0.348158	260
0.349015	261
0.35394	262
0.371002	263
0.375584	264
0.376027	265
0.376871	266
0.377319	267
0.377822	268
0.378678	269
0.37957	270
0.380152	271
0.380982	272
0.381842	273
0.38264	274
0.383174	275
0.383947	276
0.384787	277
0.385783	278
0.386681	279
0.387354	280
0.387927	281
0.388697	282
0.389545	283
0.390504	284
0.391335	285
0.391899	286
0.392695	287
0.393574	288
0.394499	289
0.395382	290
0.396214	291
0.396749	292
0.397371	146
0.39762	146.007
0.398129	146.014
0.398949	146.021
0.403449	146.027
0.415354	146.034
0.417256	146.041
0.418188	146.048
0.419615	146.055
0.419986	146.062
0.420182	146.068
0.42074	146.075
0.421331	146.082
0.421515	146.089
0.422154	146.096
0.422689	146.103
0.423662	146.11
0.423933	146.116
0.424268	146.123
0.424797	146.13
0.42529	146.137
0.425809	146.144
0.426324	146.151
0.426827	146.158
0.427361	146.164
0.427874	146.171
0.428379	146.178
0.428882	146.185
0.429095	146.192
0.429662	146.199
0.43018	146.205
0.430648	146.212
0.431216	146.219
0.431722	146.226
0.432256	146.233
0.432429	146.24
0.432971	146.247
0.433487	146.253
0.434046	146.26
0.434523	146.267
0.435032	146.274
0.43555	146.281
0.435778	146.288
0.43629	146.295
0.436813	146.301
0.43736	146.308
0.437875	146.315
0.438387	146.322
0.438905	146.329
0.439381	146.336
0.439915	146.342
0.440167	146.349
0.440676	146.356
0.441198	146.363
0.441837	146.37
0.442415	146.377
0.44289	146.384
0.443522	146.39
0.444009	146.397
0.444462	146.404
0.44549	146.411
0.445914	146.418
0.446619	146.425
0.447174	146.432
0.447658	146.438
0.447939	146.445
0.448428	146.452
0.448948	146.459
0.449476	146.466
0.450062	146.473
0.451848	146.479
0.452346	146.486
0.453002	146.493
0.453592	146.5
0.454172	146.507
0.454711	146.514
0.455005	146.521
0.45549	146.527
0.45606	146.534
0.456642	146.541
0.457249	146.548
0.457547	146.555
0.458037	146.562
0.458655	146.568
0.458964	146.575
0.459487	146.582
0.46042	146.589
0.461252	146.596
0.461963	146.603
0.462566	146.61
0.463096	146.616
0.463672	146.623
0.464665	146.63
0.466045	146.637
0.467239	146.644
0.467909	146.651
0.468748	146.658
0.469458	146.664
0.469997	146.671
0.470585	146.678
0.471179	146.685
0.471477	146.692
0.472046	146.699
0.472385	146.705
0.472928	146.712
0.473454	146.719
0.473929	146.726
0.474477	146.733
0.475088	146.74
0.475647	146.747
0.475841	146.753
0.476415	146.76
0.476979	146.767
0.477579	146.774
0.478057	146.781
0.4786	146.788
0.479164	146.795
0.479813	146.801
0.480226	146.808
0.480967	146.815
0.481475	146.822
0.48202	146.829
0.482659	146.836
0.483201	146.842
0.483381	146.849
0.484025	146.856
0.484427	146.863
0.484936	146.87
0.485195	146.877
0.485668	146.884
0.486337	146.89
0.486929	146.897
0.487425	146.904
0.487676	146.911
0.488318	146.918
0.48895	146.925
0.489449	146.932
0.489827	146.938
0.490393	146.945
0.490682	146.952
0.491243	146.959
0.491799	146.966
0.492149	146.973
0.49269	146.979
0.493328	146.986
0.493916	146.993
0.494476	147
0.495062	147.007
0.495667	147.014
0.496085	147.02
0.496694	147.027
0.497592	147.034
0.498366	147.041
0.499739	147.048
0.500271	147.054
0.500485	147.061
0.501508	147.068
0.502033	147.075
0.502882	147.082
0.503615	147.088
0.504248	147.095
0.505114	147.102
0.505873	147.109
0.506765	147.116
0.507419	147.122
0.508333	147.129
0.508947	147.136
0.509709	147.143
0.510365	147.15
0.511265	147.156
0.512135	147.163
0.512864	147.17
0.51355	147.177
0.514391	147.184
0.515005	147.19
0.515731	147.197
0.516515	147.204
0.517277	147.211
0.518054	147.218
0.518843	147.224
0.519668	147.231
0.520225	147.238
0.520996	147.245
0.521773	147.252
0.522608	147.259
0.523514	147.265
0.524253	147.272
0.525012	147.279
0.52581	147.286
0.526565	147.293
0.527337	147.299
0.528122	147.306
0.528891	147.313
0.529631	147.32
0.530375	147.327
0.53162	147.333
0.531967	147.34
0.532432	147.347
0.533721	147.354
0.534392	147.361
0.535093	147.367
0.535813	147.374
0.536566	147.381
0.537122	147.388
0.537947	147.395
0.53871	147.401
0.539578	147.408
0.540408	147.415
0.541242	147.422
0.541837	147.429
0.542693	147.435
0.54344	147.442
0.544203	147.449
0.544981	147.456
0.545816	147.463
0.546921	147.469
0.547431	147.476
0.54818	147.483
0.548906	147.49
0.553463	147.497
0.556935	147.503
0.557292	147.51
0.557804	147.517
0.5583	147.524
0.558787	147.531
0.56057	147.537
0.562496	147.544
0.563277	147.551
0.564788	147.558
0.567073	147.565
0.567719	147.571
0.569229	147.578
0.570371	147.585
0.571112	147.592
0.571935	147.599
0.573005	147.605
0.573463	147.612
0.574574	147.619
0.57502	147.626
0.57615	147.633
0.576707	147.639
0.577567	147.646
0.578386	147.653
0.578935	147.66
0.579679	147.667
0.580532	147.673
0.581273	147.68
0.58204	147.687
0.582912	147.694
0.583723	147.701
0.584492	147.707
0.58525	147.714
0.586007	147.721
0.586816	147.728
0.587594	147.735
0.588356	147.741
0.589176	147.748
0.590004	147.755
0.590778	147.762
0.591343	147.769
0.592144	147.776
0.593005	147.782
0.59391	147.789
0.594699	147.796
0.595201	147.803
0.595791	147.81
0.596964	147.816
0.597549	147.823
0.598003	147.83
0.598718	147.837
0.603694	147.844
0.606916	147.85
0.607415	147.857
0.608025	147.864
0.608561	147.871
0.609012	147.878
0.61051	147.884
0.611918	147.891
0.612751	147.898
0.613983	147.905
0.615521	147.912
0.616983	147.918
0.618594	147.925
0.619436	147.932
0.620803	147.939
0.621286	147.946
0.622056	147.952
0.623103	147.959
0.624065	147.966
0.62486	147.973
0.625633	147.98
0.626457	147.986
0.627288	147.993
0.62805	148
0.62898	148.007
0.629792	148.014
0.630278	148.02
0.631369	148.027
0.631859	148.034
0.633634	148.041
0.634427	148.047
0.635296	148.054
0.635822	148.061
0.636482	148.068
0.637247	148.074
0.638052	148.081
0.639019	148.088
0.639921	148.095
0.64037	148.101
0.641327	148.108
0.64223	148.115
0.642686	148.122
0.643724	148.128
0.644178	148.135
0.644998	148.142
0.646154	148.149
0.646968	148.155
0.647466	148.162
0.647943	148.169
0.649118	148.176
0.654325	148.182
0.656505	148.189
0.65699	148.196
0.657517	148.203
0.658314	148.209
0.659654	148.216
0.660712	148.223
0.661873	148.23
0.662651	148.236
0.663672	148.243
0.664754	148.25
0.66613	148.257
0.667726	148.264
0.668384	148.27
0.669411	148.277
0.670092	148.284
0.670934	148.291
0.67152	148.297
0.67244	148.304
0.673215	148.311
0.674051	148.318
0.67483	148.324
0.675344	148.331
0.676123	148.338
0.67691	148.345
0.677707	148.351
0.678494	148.358
0.679396	148.365
0.680251	148.372
0.680745	148.378
0.681535	148.385
0.68233	148.392
0.683114	148.399
0.683897	148.405
0.684678	148.412
0.685467	148.419
0.686256	148.426
0.687074	148.432
0.687966	148.439
0.688881	148.446
0.68937	148.453
0.690352	148.459
0.690906	148.466
0.69173	148.473
0.692577	148.48
0.693409	148.486
0.693952	148.493
0.694794	148.5
0.695679	148.507
0.697176	148.514
0.697966	148.52
0.698826	148.527
0.699347	148.534
0.699884	148.541
0.700655	148.547
0.701666	148.554
0.704588	148.561
0.707714	148.568
0.708718	148.574
0.709674	148.581
0.710631	148.588
0.711573	148.595
0.7127	148.601
0.713893	148.608
0.715209	148.615
0.716639	148.622
0.718015	148.628
0.718892	148.635
0.71971	148.642
0.720279	148.649
0.72108	148.655
0.72164	148.662
0.722462	148.669
0.723303	148.676
0.724188	148.682
0.724678	148.689
0.725564	148.696
0.726437	148.703
0.726993	148.709
0.728022	148.716
0.728444	148.723
0.72928	148.73
0.730162	148.736
0.730702	148.743
0.731564	148.75
0.732346	148.757
0.733154	148.764
0.734445	148.77
0.735022	148.777
0.735355	148.784
0.736132	148.791
0.736651	148.797
0.73776	148.804
0.738316	148.811
0.739188	148.818
0.739756	148.824
0.740834	148.831
0.741673	148.838
0.742124	148.845
0.742956	148.851
0.743637	148.858
0.744421	148.865
0.7453	148.872
0.746343	148.878
0.747181	148.885
0.747567	148.892
0.748371	148.899
0.748901	148.905
0.753599	148.912
0.756375	148.919
0.756869	148.926
0.757476	148.932
0.758178	148.939
0.75895	148.946
0.76064	148.953
0.761241	148.959
0.762564	148.966
0.763791	148.973
0.764847	148.98
0.76613	148.986
0.767673	148.993
0.768686	149
0.769174	149.007
0.769958	149.013
0.770862	149.02
0.771534	149.027
0.772339	149.034
0.773136	149.04
0.77408	149.047
0.774643	149.054
0.775603	149.06
0.776477	149.067
0.776983	149.074
0.777855	149.081
0.778655	149.087
0.779462	149.094
0.780332	149.101
0.780814	149.107
0.781707	149.114
0.782573	149.121
0.783448	149.128
0.78397	149.134
0.784862	149.141
0.785705	149.148
0.786316	149.154
0.78725	149.161
0.787833	149.168
0.788652	149.175
0.789481	149.181
0.790138	149.188
0.791098	149.195
0.7917	149.201
0.792626	149.208
0.793292	149.215
0.794064	149.222
0.794843	149.228
0.795682	149.235
0.79681	149.242
0.797621	149.248
0.798048	149.255
0.798569	149.262
0.803319	149.269
0.806622	149.275
0.807192	149.282
0.807662	149.289
0.80817	149.295
0.80929	149.302
0.810457	149.309
0.811466	149.315
0.812511	149.322
0.813473	149.329
0.814991	149.336
0.816949	149.342
0.817646	149.349
0.81898	149.356
0.819885	149.362
0.82047	149.369
0.821351	149.376
0.821895	149.383
0.822792	149.389
0.823606	149.396
0.824474	149.403
0.82508	149.409
0.825966	149.416
0.826772	149.423
0.827257	149.43
0.828126	149.436
0.828995	149.443
0.829512	149.45
0.830291	149.456
0.831297	149.463
0.832171	149.47
0.832615	149.477
0.833438	149.483
0.834232	149.49
0.835019	149.497
0.835567	149.503
0.836375	149.51
0.837214	149.517
0.838016	149.524
0.838844	149.53
0.83962	149.537
0.840465	149.544
0.841278	149.55
0.84184	149.557
0.842668	149.564
0.843521	149.571
0.844352	149.577
0.845193	149.584
0.846046	149.591
0.84692	149.597
0.847417	149.604
0.847988	149.611
0.853123	149.617
0.856309	149.624
0.856758	149.631
0.857387	149.638
0.858228	149.644
0.859926	149.651
0.860938	149.658
0.862056	149.664
0.863081	149.671
0.864426	149.678
0.866215	149.685
0.867762	149.691
0.869067	149.698
0.869903	149.705
0.870704	149.711
0.871709	149.718
0.872172	149.725
0.87296	149.732
0.873863	149.738
0.874688	149.745
0.875535	149.752
0.876026	149.758
0.876849	149.765
0.877729	149.772
0.878508	149.779
0.879331	149.785
0.879907	149.792
0.880672	149.799
0.881582	149.805
0.882453	149.812
0.883078	149.819
0.883852	149.826
0.88496	149.832
0.885979	149.839
0.88635	149.846
0.887004	149.852
0.88753	149.859
0.888343	149.866
0.889145	149.873
0.889938	149.879
0.890787	149.886
0.891505	149.893
0.892051	149.899
0.892844	149.906
0.893638	149.913
0.894472	149.92
0.895335	149.926
0.896257	149.933
0.897096	149.94
0.897544	149.946
0.898062	149.953
0.898583	149.96
0.90412	149.966
0.906476	149.973
0.907212	149.98
0.907904	149.987
0.908602	149.993
0.90936	150
0.91056	150.007
0.911514	150.013
0.912693	150.02
0.913872	150.027
0.91522	150.033
0.916407	150.04
0.917531	150.047
0.918466	150.053
0.919191	150.06
0.91981	150.067
0.920733	150.073
0.921607	150.08
0.922417	150.087
0.92295	150.093
0.923569	150.1
0.924288	150.107
0.92503	150.113
0.925954	150.12
0.926624	150.127
0.927687	150.133
0.928155	150.14
0.929002	150.147
0.929646	150.153
0.93032	150.16
0.931169	150.167
0.931804	150.173
0.932943	150.18
0.933447	150.187
0.934256	150.193
0.93491	150.2
0.93572	150.207
0.936483	150.213
0.937629	150.22
0.938284	150.227
0.9389	150.233
0.939672	150.24
0.940271	150.247
0.94126	150.253
0.942048	150.26
0.942565	150.267
0.943351	150.273
0.944014	150.28
0.945092	150.287
0.945758	150.293
0.946896	150.3
0.949301	150.307
0.949903	150.313
0.950345	150.32
0.953192	150.327
0.956343	150.333
0.956994	150.34
0.957457	150.347
0.957837	150.353
0.958671	150.36
0.960245	150.367
0.961418	150.373
0.962142	150.38
0.963316	150.387
0.96474	150.393
0.966087	150.4
0.967264	150.407
0.96865	150.413
0.969412	150.42
0.970367	150.427
0.970932	150.433
0.972127	150.44
0.973129	150.447
0.973905	150.453
0.974337	150.46
0.974809	150.467
0.975561	150.473
0.976165	150.48
0.976888	150.487
0.977539	150.493
0.978386	150.5
0.979151	150.507
0.979662	150.513
0.980536	150.52
0.981259	150.527
0.982063	150.533
0.982905	150.54
0.983516	150.547
0.984309	150.553
0.985032	150.56
0.985703	150.567
0.986503	150.573
0.987569	150.58
0.988102	150.587
0.988889	150.593
0.989572	150.6
0.990811	150.607
0.992199	150.613
0.992684	150.62
0.993129	150.627
0.993595	150.633
0.994305	150.64
0.995068	150.647
0.995852	150.653
0.997008	150.66
0.997671	150.667
0.998338	150.673
0.999038	150.68
1.00341	150.687
1.00659	150.693
1.00725	150.7
1.00761	150.707
1.0082	150.713
1.00857	150.72
1.00943	150.727
1.0107	150.733
1.01161	150.74
1.01289	150.747
1.01378	150.753
1.01505	150.76
1.01628	150.767
1.0181	150.773
1.01949	150.78
1.02008	150.787
1.02045	150.793
1.02155	150.8
1.02215	150.807
1.02289	150.813
1.02357	150.82
1.0244	150.827
1.0251	150.833
1.02606	150.84
1.02659	150.847
1.02739	150.853
1.02816	150.86
1.02921	150.867
1.02979	150.873
1.03057	150.88
1.03152	150.887
1.03212	150.893
1.03297	150.9
1.03352	150.907
1.0342	150.913
1.03515	150.92
1.03656	150.927
1.0371	150.933
1.03762	150.94
1.03805	150.947
1.039	150.953
1.03956	150.96
1.0403	150.967
1.04098	150.973
1.04171	150.98
1.04269	150.987
1.04329	150.993
1.04421	151
1.04485	151.007
1.04563	151.013
1.0467	151.02
1.04754	151.027
1.04835	151.033
1.0489	151.04
1.04943	151.046
1.05404	151.053
1.05936	151.06
1.06005	151.066
1.06069	151.073
1.06132	151.08
1.06195	151.086
1.06325	151.093
1.06424	151.099
1.06559	151.106
1.06692	151.113
1.06814	151.119
1.06927	151.126
1.06989	151.132
1.07096	151.139
1.07157	151.146
1.07268	151.152
1.07309	151.159
1.07384	151.166
1.07448	151.172
1.07537	151.179
1.07603	151.185
1.0769	151.192
1.0786	151.199
1.07917	151.205
1.07968	151.212
1.08153	151.219
1.08197	151.225
1.08246	151.232
1.08304	151.238
1.08351	151.245
1.08398	151.252
1.08445	151.258
1.0849	151.265
1.08538	151.272
1.08602	151.278
1.08662	151.285
1.08745	151.291
1.08829	151.298
1.08938	151.305
1.08989	151.311
1.09051	151.318
1.09123	151.325
1.09209	151.331
1.09277	151.338
1.09348	151.344
1.09423	151.351
1.09505	151.358
1.09574	151.364
1.09679	151.371
1.09736	151.378
1.09788	151.384
1.09844	151.391
1.10416	151.397
1.10796	151.404
1.10862	151.411
1.1093	151.417
1.11027	151.424
1.11095	151.431
1.11207	151.437
1.11352	151.444
1.11506	151.45
1.11684	151.457
1.11852	151.464
1.11974	151.47
1.12062	151.477
1.12199	151.483
1.12254	151.49
1.12331	151.497
1.124	151.503
1.12462	151.51
1.12543	151.517
1.12628	151.523
1.12687	151.53
1.1276	151.536
1.12855	151.543
1.12907	151.55
1.12985	151.556
1.13084	151.563
1.13147	151.57
1.13209	151.576
1.1327	151.583
1.13348	151.589
1.13453	151.596
1.13512	151.603
1.13585	151.609
1.13654	151.616
1.1376	151.623
1.13813	151.629
1.13901	151.636
1.13974	151.642
1.14055	151.649
1.14128	151.656
1.14196	151.662
1.14271	151.669
1.14345	151.676
1.14448	151.682
1.14525	151.689
1.14613	151.695
1.1469	151.702
1.14759	151.709
1.14814	151.715
1.15143	151.722
1.15341	151.729
1.15632	151.735
1.15702	151.742
1.15751	151.748
1.15832	151.755
1.15885	151.762
1.16026	151.768
1.16211	151.775
1.16332	151.782
1.16454	151.788
1.16671	151.795
1.16716	151.801
1.16837	151.808
1.16922	151.815
1.17031	151.821
1.17098	151.828
1.17189	151.834
1.17246	151.841
1.17346	151.848
1.17449	151.854
1.17511	151.861
1.1757	151.868
1.17653	151.874
1.17746	151.881
1.17815	151.887
1.17895	151.894
1.17979	151.901
1.18085	151.907
1.18154	151.914
1.18269	151.921
1.18351	151.927
1.18394	151.934
1.18497	151.94
1.18573	151.947
1.18687	151.954
1.18737	151.96
1.18818	151.967
1.18905	151.974
1.18984	151.98
1.19117	151.987
1.1921	151.993
1.19257	152
1.19303	152.007
1.19398	152.013
1.19467	152.02
1.1959	152.026
1.19705	152.033
1.19765	152.04
1.19836	152.046
1.19923	152.053
1.19984	152.059
1.20053	152.066
1.20335	152.072
1.2071	152.079
1.20822	152.086
1.20965	152.092
1.2101	152.099
1.21062	152.105
1.21107	152.112
1.21143	152.118
1.21232	152.125
1.21365	152.132
1.21497	152.138
1.21624	152.145
1.2175	152.151
1.21836	152.158
1.21959	152.165
1.22024	152.171
1.22125	152.178
1.22189	152.184
1.22254	152.191
1.22368	152.197
1.22438	152.204
1.22502	152.211
1.22567	152.217
1.2267	152.224
1.2275	152.23
1.22819	152.237
1.22901	152.243
1.22962	152.25
1.23035	152.257
1.23136	152.263
1.23215	152.27
1.23259	152.276
1.23361	152.283
1.23419	152.29
1.23549	152.296
1.23639	152.303
1.23679	152.309
1.23715	152.316
1.23793	152.322
1.23873	152.329
1.23951	152.336
1.2404	152.342
1.24112	152.349
1.24166	152.355
1.2427	152.362
1.24324	152.368
1.24398	152.375
1.24473	152.382
1.24551	152.388
1.24628	152.395
1.24737	152.401
1.24792	152.408
1.24869	152.415
1.24918	152.421
1.25396	152.428
1.25697	152.434
1.25761	152.441
1.25821	152.447
1.25897	152.454
1.25988	152.461
1.26089	152.467
1.26199	152.474
1.2632	152.48
1.26417	152.487
1.26548	152.493
1.26671	152.5
1.26779	152.507
1.26893	152.513
1.26955	152.52
1.27033	152.526
1.27125	152.533
1.27183	152.54
1.27249	152.546
1.27327	152.553
1.27455	152.559
1.27559	152.566
1.27609	152.572
1.27651	152.579
1.27731	152.586
1.27787	152.592
1.27855	152.599
1.27918	152.605
1.28001	152.612
1.28071	152.618
1.28151	152.625
1.28223	152.632
1.28297	152.638
1.28381	152.645
1.28459	152.651
1.28529	152.658
1.28636	152.665
1.28696	152.671
1.28784	152.678
1.28853	152.684
1.28921	152.691
1.28995	152.697
1.2914	152.704
1.29286	152.711
1.29342	152.717
1.29393	152.724
1.2944	152.73
1.29487	152.737
1.29539	152.743
1.296	152.75
1.29673	152.757
1.2978	152.763
1.29843	152.77
1.29906	152.776
1.29965	152.783
1.30389	152.79
1.30712	152.796
1.30779	152.803
1.30824	152.809
1.30882	152.816
1.30976	152.822
1.311	152.829
1.31201	152.836
1.3134	152.842
1.31445	152.849
1.31584	152.855
1.31719	152.862
1.31844	152.868
1.3192	152.875
1.32015	152.882
1.32072	152.888
1.32168	152.895
1.32236	152.901
1.3232	152.908
1.3239	152.915
1.32464	152.921
1.32538	152.928
1.32614	152.934
1.32689	152.941
1.3277	152.947
1.32846	152.954
1.32926	152.961
1.33002	152.967
1.33106	152.974
1.33151	152.98
1.33236	152.987
1.3337	152.993
1.33509	153
1.33564	153.007
1.33612	153.013
1.33662	153.02
1.33712	153.026
1.33762	153.033
1.33835	153.039
1.33909	153.046
1.34313	153.052
1.34368	153.059
1.34415	153.065
1.34462	153.072
1.34507	153.078
1.34552	153.085
1.34595	153.092
1.34628	153.098
1.3466	153.105
1.34701	153.111
1.34745	153.118
1.34804	153.124
1.34865	153.131
1.34929	153.137
1.34989	153.144
1.35381	153.15
1.35816	153.157
1.35906	153.163
1.35976	153.17
1.36054	153.177
1.36187	153.183
1.36235	153.19
1.3631	153.196
1.36439	153.203
1.36609	153.209
1.36771	153.216
1.36915	153.222
1.36993	153.229
1.37063	153.235
1.37138	153.242
1.37272	153.248
1.37352	153.255
1.37426	153.261
1.37542	153.268
1.37601	153.275
1.37854	153.281
1.37927	153.288
1.37986	153.294
1.38038	153.301
1.38088	153.307
1.38139	153.314
1.38542	153.32
1.38605	153.327
1.3866	153.333
1.38714	153.34
1.38767	153.346
1.38815	153.353
1.38853	153.36
1.3889	153.366
1.38929	153.373
1.38966	153.379
1.39005	153.386
1.39047	153.392
1.39088	153.399
1.39126	153.405
1.3916	153.412
1.39209	153.418
1.39246	153.425
1.39284	153.431
1.3932	153.438
1.39356	153.444
1.39391	153.451
1.39455	153.458
1.39543	153.464
1.39629	153.471
1.3977	153.477
1.39826	153.484
1.39872	153.49
1.39923	153.497
1.40383	153.503
1.41187	153.51
1.41236	153.516
1.413	153.523
1.41384	153.529
1.41461	153.536
1.41581	153.543
1.41703	153.549
1.41843	153.556
1.41991	153.562
1.42038	153.569
1.42103	153.575
1.42175	153.582
1.42248	153.588
1.42458	153.595
1.42516	153.601
1.42555	153.608
1.4259	153.614
1.42624	153.621
1.42706	153.627
1.42784	153.634
1.42859	153.641
1.42957	153.647
1.43	153.654
1.43052	153.66
1.43129	153.667
1.43206	153.673
1.43286	153.68
1.4336	153.686
1.43434	153.693
1.43508	153.699
1.43587	153.706
1.4366	153.712
1.43736	153.719
1.43827	153.726
1.43902	153.732
1.43971	153.739
1.44053	153.745
1.44149	153.752
1.44211	153.758
1.44285	153.765
1.44346	153.771
1.44426	153.778
1.44482	153.784
1.44567	153.791
1.44655	153.797
1.44721	153.804
1.44796	153.811
1.44856	153.817
1.45374	153.824
1.45672	153.83
1.45734	153.837
1.45778	153.843
1.45856	153.85
1.45923	153.856
1.46102	153.863
1.46153	153.869
1.46268	153.876
1.46408	153.882
1.46542	153.889
1.46614	153.895
1.46727	153.902
1.46879	153.909
1.46967	153.915
1.47023	153.922
1.47106	153.928
1.47175	153.935
1.47242	153.941
1.47317	153.948
1.47398	153.954
1.47495	153.961
1.47601	153.967
1.47656	153.974
1.47724	153.98
1.47797	153.987
1.47884	153.994
1.47949	154
1.48028	154.007
1.4811	154.013
1.48186	154.02
1.48272	154.026
1.4834	154.033
1.48416	154.039
1.48484	154.045
1.48595	154.052
1.48652	154.058
1.48729	154.065
1.4882	154.071
1.48874	154.078
1.48984	154.084
1.49095	154.091
1.49159	154.097
1.49192	154.104
1.49249	154.11
1.49319	154.117
1.49419	154.123
1.49469	154.13
1.49558	154.136
1.49625	154.143
1.49704	154.149
1.49773	154.156
1.49854	154.162
1.49915	154.169
1.50392	154.175
1.50673	154.182
1.50745	154.188
1.50797	154.195
1.50841	154.201
1.50876	154.208
1.50948	154.214
1.51083	154.221
1.51178	154.227
1.51266	154.234
1.514	154.24
1.51511	154.247
1.51661	154.253
1.51784	154.26
1.51918	154.266
1.51997	154.273
1.5208	154.279
1.52152	154.286
1.52225	154.292
1.52309	154.299
1.5239	154.305
1.52459	154.312
1.52537	154.318
1.52611	154.325
1.52692	154.331
1.52765	154.338
1.52839	154.344
1.52906	154.351
1.53027	154.357
1.53094	154.364
1.53156	154.37
1.53231	154.377
1.53307	154.383
1.53379	154.39
1.53451	154.396
1.53526	154.403
1.53647	154.409
1.5371	154.416
1.5375	154.422
1.53832	154.429
1.53913	154.435
1.53984	154.442
1.54085	154.448
1.54142	154.455
1.5422	154.461
1.54288	154.468
1.54375	154.474
1.5444	154.481
1.54512	154.487
1.54572	154.494
1.547	154.5
1.54742	154.507
1.54817	154.513
1.5486	154.52
1.55381	154.526
1.55666	154.533
1.55712	154.539
1.55746	154.545
1.55778	154.552
1.55881	154.558
1.55956	154.565
1.5609	154.571
1.56159	154.578
1.5627	154.584
1.56404	154.591
1.56494	154.597
1.56617	154.604
1.56716	154.61
1.56862	154.617
1.56941	154.623
1.57032	154.63
1.57123	154.636
1.57193	154.643
1.57266	154.649
1.57353	154.656
1.5744	154.662
1.57595	154.669
1.5766	154.675
1.57709	154.682
1.57747	154.688
1.57821	154.695
1.57873	154.701
1.5796	154.708
1.58037	154.714
1.58114	154.721
1.58189	154.727
1.58263	154.734
1.58336	154.74
1.58401	154.747
1.58504	154.753
1.58565	154.76
1.58646	154.766
1.5872	154.773
1.58791	154.779
1.58868	154.786
1.58948	154.792
1.59018	154.799
1.59101	154.805
1.59173	154.812
1.59255	154.818
1.59346	154.825
1.59389	154.831
1.59494	154.838
1.59616	154.844
1.59672	154.851
1.59748	154.857
1.59833	154.864
1.59883	154.87
1.59927	154.877
1.60337	154.883
1.60645	154.89
1.60695	154.896
1.60763	154.903
1.60807	154.909
1.60843	154.916
1.60946	154.922
1.61088	154.929
1.6116	154.935
1.61291	154.942
1.61414	154.948
1.61509	154.955
1.61732	154.961
1.61866	154.968
1.61966	154.974
1.62042	154.981
1.62121	154.987
1.62215	154.994
1.62286	155
1.6244	155.006
1.62529	155.013
1.62585	155.019
1.62655	155.026
1.62746	155.032
1.62817	155.039
1.62882	155.045
1.62967	155.052
1.63037	155.058
1.63107	155.065
1.63181	155.071
1.63247	155.077
1.6334	155.084
1.63407	155.09
1.63481	155.097
1.63552	155.103
1.63628	155.11
1.63711	155.116
1.63791	155.123
1.63927	155.129
1.63977	155.136
1.64028	155.142
1.64118	155.148
1.64278	155.155
1.64338	155.161
1.64384	155.168
1.64419	155.174
1.64491	155.181
1.64563	155.187
1.6463	155.194
1.64711	155.2
1.64787	155.206
1.64861	155.213
1.64915	155.219
1.65375	155.226
1.65648	155.232
1.65712	155.239
1.65771	155.245
1.65828	155.252
1.65865	155.258
1.66023	155.265
1.66159	155.271
1.66254	155.277
1.66375	155.284
1.66481	155.29
1.66613	155.297
1.66807	155.303
1.66863	155.31
1.66953	155.316
1.67036	155.323
1.67106	155.329
1.67188	155.336
1.67262	155.342
1.67359	155.348
1.67418	155.355
1.67495	155.361
1.67567	155.368
1.67661	155.374
1.67744	155.381
1.67801	155.387
1.67892	155.394
1.67979	155.4
1.68046	155.406
1.6811	155.413
1.68197	155.419
1.68265	155.426
1.68324	155.432
1.68454	155.439
1.68586	155.445
1.68633	155.452
1.68679	155.458
1.6872	155.465
1.68757	155.471
1.68831	155.477
1.68911	155.484
1.68963	155.49
1.69043	155.497
1.6914	155.503
1.69189	155.51
1.69286	155.516
1.69338	155.523
1.69434	155.529
1.69502	155.536
1.69619	155.542
1.6968	155.548
1.69753	155.555
1.69836	155.561
1.69899	155.568
1.70402	155.574
1.70694	155.581
1.70731	155.587
1.70783	155.594
1.70836	155.6
1.70896	155.606
1.70962	155.613
1.71132	155.619
1.71222	155.626
1.71286	155.632
1.71403	155.639
1.71545	155.645
1.71661	155.652
1.71773	155.658
1.71891	155.665
1.71977	155.671
1.72049	155.677
1.72162	155.684
1.72221	155.69
1.72292	155.697
1.72359	155.703
1.72454	155.71
1.72537	155.716
1.72603	155.723
1.72672	155.729
1.72751	155.736
1.72818	155.742
1.72942	155.748
1.73059	155.755
1.7329	155.761
1.73334	155.768
1.73376	155.774
1.73415	155.781
1.73454	155.787
1.73504	155.794
1.73546	155.8
1.73587	155.806
1.73629	155.813
1.73682	155.819
1.73758	155.826
1.73857	155.832
1.73928	155.839
1.73987	155.845
1.74069	155.852
1.74134	155.858
1.74202	155.865
1.74313	155.871
1.74372	155.877
1.74438	155.884
1.74544	155.89
1.74653	155.897
1.74746	155.903
1.748	155.91
1.74861	155.916
1.74909	155.923
1.75374	155.929
1.75909	155.936
1.76034	155.942
1.76095	155.948
1.76132	155.955
1.76243	155.961
1.76354	155.968
1.76486	155.974
1.76586	155.981
1.76713	155.987
1.76832	155.994
1.76921	156
1.76996	156.006
1.7712	156.013
1.77176	156.019
1.77251	156.026
1.77328	156.032
1.77407	156.039
1.77455	156.045
1.77542	156.051
1.77619	156.058
1.77702	156.064
1.77803	156.071
1.77852	156.077
1.77931	156.083
1.78033	156.09
1.78088	156.096
1.78156	156.103
1.78273	156.109
1.78382	156.115
1.7844	156.122
1.7848	156.128
1.7855	156.135
1.78603	156.141
1.78706	156.147
1.78764	156.154
1.78862	156.16
1.78919	156.167
1.79019	156.173
1.79069	156.18
1.79178	156.186
1.79228	156.192
1.7931	156.199
1.79399	156.205
1.79453	156.212
1.79565	156.218
1.79632	156.224
1.79714	156.231
1.79789	156.237
1.79846	156.244
1.79902	156.25
1.80343	156.256
1.80646	156.263
1.80708	156.269
1.80762	156.276
1.80813	156.282
1.80865	156.289
1.8093	156.295
1.8113	156.301
1.81212	156.308
1.81292	156.314
1.81403	156.321
1.81542	156.327
1.81668	156.333
1.81791	156.34
1.81906	156.346
1.81959	156.353
1.82041	156.359
1.82119	156.365
1.82224	156.372
1.82296	156.378
1.82385	156.385
1.82448	156.391
1.82558	156.397
1.82609	156.404
1.82704	156.41
1.82764	156.417
1.82834	156.423
1.82911	156.43
1.82997	156.436
1.83073	156.442
1.83151	156.449
1.83241	156.455
1.83363	156.462
1.83453	156.468
1.83497	156.474
1.83546	156.481
1.83629	156.487
1.83691	156.494
1.83765	156.5
1.83848	156.506
1.83952	156.513
1.84004	156.519
1.84113	156.526
1.84171	156.532
1.84248	156.539
1.84311	156.545
1.84385	156.551
1.84456	156.558
1.8456	156.564
1.84622	156.571
1.84703	156.577
1.84773	156.583
1.84824	156.59
1.84879	156.596
1.85387	156.603
1.85782	156.609
1.85839	156.615
1.85894	156.622
1.85952	156.628
1.86053	156.635
1.86169	156.641
1.86252	156.647
1.86329	156.654
1.86462	156.66
1.86587	156.667
1.86702	156.673
1.86822	156.68
1.86915	156.686
1.8704	156.692
1.87142	156.699
1.87231	156.705
1.87281	156.712
1.87366	156.718
1.87423	156.724
1.87531	156.731
1.87593	156.737
1.8767	156.744
1.87753	156.75
1.87831	156.756
1.87934	156.763
1.88006	156.769
1.88071	156.776
1.88175	156.782
1.88227	156.789
1.88315	156.795
1.88385	156.801
1.88447	156.808
1.88553	156.814
1.88606	156.821
1.88701	156.827
1.88761	156.833
1.88843	156.84
1.88906	156.846
1.89014	156.853
1.89066	156.859
1.89145	156.865
1.89256	156.872
1.89343	156.878
1.89428	156.885
1.89495	156.891
1.89556	156.897
1.89632	156.904
1.89758	156.91
1.89802	156.917
1.89872	156.923
1.89933	156.93
1.90398	156.936
1.90731	156.942
1.90763	156.949
1.90814	156.955
1.90887	156.962
1.91003	156.968
1.9112	156.974
1.91188	156.981
1.913	156.987
1.91479	156.994
1.91544	157
1.91714	157.006
1.91836	157.013
1.91951	157.019
1.92007	157.026
1.92091	157.032
1.92154	157.038
1.92262	157.045
1.92313	157.051
1.92396	157.057
1.92464	157.064
1.92541	157.07
1.92614	157.076
1.92712	157.083
1.92764	157.089
1.92833	157.096
1.92936	157.102
1.92996	157.108
1.93079	157.115
1.93173	157.121
1.9323	157.127
1.93303	157.134
1.93375	157.14
1.93531	157.147
1.93577	157.153
1.93611	157.159
1.93698	157.166
1.93777	157.172
1.93829	157.178
1.93929	157.185
1.93978	157.191
1.94075	157.197
1.94124	157.204
1.9423	157.21
1.94306	157.217
1.9436	157.223
1.94437	157.229
1.94531	157.236
1.94583	157.242
1.94663	157.248
1.94726	157.255
1.94799	157.261
1.94852	157.268
1.9544	157.274
1.9561	157.28
1.9566	157.287
1.95724	157.293
1.95768	157.299
1.95872	157.306
1.96025	157.312
1.96133	157.319
1.96241	157.325
1.96346	157.331
1.96466	157.338
1.96594	157.344
1.96708	157.35
1.96816	157.357
1.96928	157.363
1.97003	157.369
1.97095	157.376
1.97151	157.382
1.97228	157.389
1.97329	157.395
1.97416	157.401
1.9748	157.408
1.97539	157.414
1.97611	157.42
1.97681	157.427
1.97759	157.433
1.97856	157.44
1.97925	157.446
1.97992	157.452
1.98061	157.459
1.98137	157.465
1.98209	157.471
1.98313	157.478
1.98373	157.484
1.98452	157.49
1.98546	157.497
1.986	157.503
1.98682	157.51
1.98757	157.516
1.98831	157.522
1.98909	157.529
1.9899	157.535
1.99063	157.541
1.99137	157.548
1.99238	157.554
1.99291	157.561
1.99367	157.567
1.99446	157.573
1.99528	157.58
1.9964	157.586
1.99691	157.592
1.99772	157.599
1.99823	157.605
1.99911	157.612
2.0039	157.618
2.00728	157.624
2.00785	157.631
2.00866	157.637
2.00932	157.643
2.01037	157.65
2.01122	157.656
2.01228	157.662
2.01339	157.669
2.01527	157.675
2.01595	157.682
2.01785	157.688
2.01843	157.694
2.01921	157.701
2.02004	157.707
2.02084	157.713
2.02166	157.72
2.02224	157.726
2.02301	157.733
2.02387	157.739
2.02456	157.745
2.02536	157.752
2.02643	157.758
2.02699	157.764
2.02774	157.771
2.0288	157.777
2.02936	157.783
2.03016	157.79
2.03082	157.796
2.03157	157.803
2.03236	157.809
2.03338	157.815
2.03402	157.822
2.03466	157.828
2.03536	157.834
2.03639	157.841
2.03711	157.847
2.03795	157.854
2.03944	157.86
2.03991	157.866
2.04028	157.873
2.04083	157.879
2.04183	157.885
2.04235	157.892
2.0431	157.898
2.0438	157.905
2.04453	157.911
2.04543	157.917
2.04631	157.924
2.04719	157.93
2.04797	157.936
2.04844	157.943
2.04908	157.949
2.05396	157.955
2.05662	157.962
2.0575	157.968
2.0579	157.975
2.05827	157.981
2.05866	157.987
2.05897	157.994
2.06034	158
2.06149	158.006
2.06263	158.013
2.06367	158.019
2.06472	158.025
2.06579	158.032
2.06702	158.038
2.06842	158.044
2.0693	158.051
2.07108	158.057
2.07145	158.063
2.07179	158.07
2.07263	158.076
2.07371	158.082
2.07424	158.089
2.07507	158.095
2.0761	158.101
2.07675	158.108
2.07772	158.114
2.07825	158.12
2.07935	158.127
2.07988	158.133
2.08049	158.139
2.08141	158.146
2.08213	158.152
2.08283	158.158
2.08361	158.165
2.08433	158.171
2.08528	158.177
2.08577	158.184
2.08672	158.19
2.08736	158.196
2.08808	158.203
2.08881	158.209
2.08968	158.215
2.09043	158.222
2.09121	158.228
2.092	158.234
2.09281	158.241
2.09378	158.247
2.09435	158.253
2.09509	158.26
2.09599	158.266
2.0974	158.272
2.09781	158.279
2.09822	158.285
2.09891	158.291
2.10393	158.298
2.1076	158.304
2.10847	158.31
2.10893	158.317
2.10971	158.323
2.11083	158.329
2.1121	158.335
2.11296	158.342
2.11445	158.348
2.11564	158.354
2.11689	158.361
2.11772	158.367
2.11912	158.373
2.11996	158.38
2.12132	158.386
2.12184	158.392
2.12216	158.399
2.12273	158.405
2.1239	158.411
2.12444	158.418
2.12519	158.424
2.12595	158.43
2.12694	158.437
2.12756	158.443
2.12856	158.449
2.12931	158.456
2.12992	158.462
2.13066	158.468
2.13187	158.475
2.13243	158.481
2.13314	158.487
2.13417	158.494
2.13472	158.5
2.13572	158.506
2.13628	158.513
2.13719	158.519
2.13807	158.525
2.14007	158.532
2.14049	158.538
2.14074	158.544
2.14099	158.551
2.1416	158.557
2.14212	158.563
2.1426	158.57
2.14337	158.576
2.14413	158.582
2.14496	158.589
2.14576	158.595
2.1469	158.601
2.14764	158.608
2.14814	158.614
2.14865	158.62
2.15414	158.627
2.15735	158.633
2.1581	158.639
2.15865	158.646
2.15923	158.652
2.16028	158.658
2.16113	158.665
2.16217	158.671
2.1632	158.677
2.16436	158.684
2.16552	158.69
2.16669	158.696
2.16791	158.703
2.1691	158.709
2.16994	158.715
2.17093	158.722
2.1715	158.728
2.17225	158.734
2.17283	158.741
2.17367	158.747
2.17442	158.753
2.17534	158.76
2.17594	158.766
2.17644	158.772
2.17691	158.779
2.17743	158.785
2.17797	158.791
2.17863	158.798
2.17893	158.804
2.17973	158.81
2.18	158.817
2.18043	158.823
2.18087	158.829
2.18158	158.835
2.18193	158.842
2.18259	158.848
2.18308	158.854
2.18359	158.861
2.18412	158.867
2.18466	158.873
2.18523	158.88
2.18579	158.886
2.18661	158.892
2.18708	158.899
2.18753	158.905
2.18804	158.911
2.18869	158.918
2.18922	158.924
2.18999	158.93
2.19034	158.937
2.19112	158.943
2.1918	158.949
2.19227	158.956
2.1928	158.962
2.19337	158.968
2.19386	158.975
2.19438	158.981
2.1949	158.987
2.1955	158.994
2.19604	159
2.19664	159.006
2.1971	159.013
2.19763	159.019
2.19818	159.025
2.19866	159.031
2.19956	159.038
2.2001	159.044
2.20251	159.05
2.20305	159.057
2.20347	159.063
2.20404	159.069
2.20455	159.076
2.20528	159.082
2.20584	159.088
2.20617	159.094
2.20661	159.101
2.2073	159.107
2.20784	159.113
2.20833	159.12
2.20885	159.126
2.20955	159.132
2.21058	159.138
2.21097	159.145
2.21149	159.151
2.21214	159.157
2.21297	159.164
2.21402	159.17
2.21469	159.176
2.21561	159.182
2.21616	159.189
2.21694	159.195
2.21759	159.201
2.21845	159.208
2.21908	159.214
2.2196	159.22
2.22022	159.226
2.22101	159.233
2.22223	159.239
2.2225	159.245
2.22272	159.252
2.22314	159.258
2.22385	159.264
2.22451	159.27
2.22496	159.277
2.22549	159.283
2.22592	159.289
2.22654	159.296
2.22704	159.302
2.2276	159.308
2.22802	159.315
2.22902	159.321
2.22926	159.327
2.22956	159.333
2.22978	159.34
2.23036	159.346
2.2309	159.352
2.2314	159.359
2.23191	159.365
2.23243	159.371
2.23295	159.377
2.23347	159.384
2.23399	159.39
2.23457	159.396
2.23488	159.403
2.2353	159.409
2.23591	159.415
2.23666	159.421
2.23703	159.428
2.23753	159.434
2.23773	159.44
2.23831	159.447
2.23871	159.453
2.23928	159.459
2.23987	159.465
2.24037	159.472
2.24082	159.478
2.24147	159.484
2.24198	159.491
2.24237	159.497
2.24269	159.503
2.24361	159.509
2.24391	159.516
2.24407	159.522
2.24468	159.528
2.24517	159.535
2.24569	159.541
2.2464	159.547
2.24657	159.554
2.24708	159.56
2.24767	159.566
2.24783	159.572
2.24862	159.579
2.24896	159.585
2.24957	159.591
2.24977	159.598
2.2504	159.604
2.25093	159.61
2.25116	159.616
2.25167	159.623
2.25236	159.629
2.25275	159.635
2.25311	159.642
2.25366	159.648
2.25425	159.654
2.25442	159.66
2.25502	159.667
2.25555	159.673
2.25579	159.679
2.25628	159.686
2.2568	159.692
2.25735	159.698
2.25774	159.704
2.25826	159.711
2.25869	159.717
2.25918	159.723
2.25935	159.73
