time	cwndsize
0.10428	2
0.207808	3
0.208524	4
0.313089	5
0.313822	6
0.316017	7
0.317227	8
0.416961	9
0.417628	10
0.418373	11
0.419304	12
0.420693	13
0.421427	14
0.422044	15
0.422983	16
0.521427	17
0.522664	18
0.523691	19
0.524902	20
0.526171	21
0.526811	22
0.527893	23
0.528732	24
0.530196	25
0.530905	26
0.531531	27
0.532731	28
0.533752	29
0.534244	30
0.534665	31
0.535124	32
0.626335	33
0.627604	34
0.6287	35
0.62979	36
0.630439	37
0.631673	38
0.633391	39
0.6339	40
0.634625	41
0.635499	42
0.636151	43
0.636638	44
0.637203	45
0.637793	46
0.639778	47
0.640467	48
0.641037	49
0.642951	50
0.644205	51
0.644822	52
0.645117	53
0.645437	54
0.645728	55
0.646013	56
0.646319	57
0.646639	58
0.649262	59
0.650058	60
0.650403	61
0.650681	62
0.650908	63
0.651106	64
0.730933	65
0.731649	66
0.732687	67
0.733724	68
0.734409	69
0.735246	70
0.736119	71
0.737251	72
0.73807	73
0.738867	74
0.739761	75
0.741369	76
0.742669	77
0.743164	78
0.74365	79
0.744139	80
0.744597	81
0.748157	82
0.748661	83
0.749105	84
0.749548	85
0.749991	86
0.750504	87
0.750948	88
0.751416	89
0.751866	90
0.752228	91
0.752637	92
0.753907	93
0.754246	94
0.75501	95
0.755752	96
0.756604	97
0.757372	98
0.757987	99
0.758314	100
0.759169	101
0.759808	102
0.760592	103
0.761601	104
0.761932	105
0.762523	106
0.763352	107
0.763848	108
0.764613	109
0.765664	110
0.766271	111
0.76675	112
0.767599	113
0.768386	114
0.769168	115
0.769797	116
0.77037	117
0.771071	118
0.771728	119
0.772481	120
0.774028	121
0.774548	122
0.775658	123
0.77617	124
0.776606	125
0.777017	126
0.777555	127
0.780336	128
0.83483	129
0.836112	130
0.837353	131
0.838241	132
0.839286	133
0.840054	134
0.841291	135
0.842005	136
0.842939	137
0.844078	138
0.844718	139
0.845588	140
0.846974	141
0.847591	142
0.847749	143
0.848892	144
0.84939	145
0.850264	146
0.851026	147
0.851794	148
0.852306	149
0.853161	150
0.857788	151
0.858775	152
0.859765	153
0.860277	154
0.860432	155
0.860548	156
0.860663	157
0.860779	158
0.860909	159
0.86102	160
0.862113	161
0.862345	162
0.863031	163
0.863854	164
0.864599	165
0.865474	166
0.866012	167
0.86678	168
0.867533	169
0.868435	170
0.868946	171
0.86991	172
0.870438	173
0.871221	174
0.872052	175
0.872827	176
0.873581	177
0.874634	178
0.875146	179
0.87606	180
0.876576	181
0.87815	182
0.878441	183
0.878703	184
0.879672	185
0.880201	186
0.881191	187
0.881653	188
0.882633	189
0.883118	190
0.88398	191
0.884472	192
0.885583	193
0.886004	194
0.886733	195
0.887664	196
0.888249	197
0.891663	198
0.891916	199
0.892076	200
0.892188	201
0.892298	202
0.893798	203
0.894011	204
0.894372	205
0.896761	206
0.89694	207
0.897097	208
0.897206	209
0.897591	210
0.898557	211
0.899044	212
0.899823	213
0.901531	214
0.90269	215
0.903201	216
0.903378	217
0.903514	218
0.904738	219
0.906114	220
0.906853	221
0.90707	222
0.907217	223
0.908453	224
0.908659	225
0.90912	226
0.91002	227
0.910519	228
0.91154	229
0.912267	230
0.912943	231
0.913536	232
0.914731	233
0.91516	234
0.915836	235
0.916346	236
0.917297	237
0.917753	238
0.921559	239
0.921846	240
0.921998	241
0.922133	242
0.922265	243
0.922404	244
0.925403	245
0.925689	246
0.925835	247
0.92598	248
0.926106	249
0.926614	250
0.927124	251
0.928037	252
0.928552	253
0.929085	254
0.929565	255
0.930086	256
0.938324	257
0.939608	258
0.941104	259
0.942396	260
0.943099	261
0.945059	262
0.948466	263
0.951208	264
0.954788	265
0.959235	266
0.959903	267
0.960395	268
0.96118	269
0.961961	270
0.96287	271
0.963344	272
0.964397	273
0.96485	274
0.965737	275
0.966431	276
0.967403	277
0.968435	278
0.968818	279
0.969473	280
0.970475	281
0.970964	282
0.971867	283
0.97253	284
0.977562	285
0.977928	286
0.978119	287
0.978362	288
0.978501	289
0.978695	290
0.978865	291
0.979009	292
0.979201	293
0.980366	294
0.980784	295
0.981855	296
0.982429	297
0.984195	298
0.985027	299
0.986503	300
0.987853	301
0.989506	302
0.99058	303
0.990842	304
0.991018	305
0.991172	306
0.99132	307
0.991476	308
0.992087	309
0.992276	310
0.993418	311
0.993872	312
0.994571	313
0.995358	314
0.996273	315
0.996878	316
0.997636	317
0.998361	318
0.999229	319
0.99976	320
1.00056	321
1.00143	322
1.00196	323
1.00276	324
1.00599	325
1.00619	326
1.00634	327
1.00649	328
1.00695	329
1.00775	330
1.00883	331
1.0096	332
1.01059	333
1.0111	334
1.01266	335
1.01318	336
1.01601	337
1.01709	338
1.01752	339
1.01779	340
1.01884	341
1.02013	342
1.02089	343
1.02111	344
1.02127	345
1.02223	346
1.02328	347
1.02635	348
1.02797	349
1.02914	350
1.03015	351
1.03108	352
1.03326	353
1.03462	354
1.03493	355
1.03542	356
1.03623	357
1.03674	358
1.0377	359
1.03981	360
1.04119	361
1.04153	362
1.04222	363
1.04508	364
1.04593	365
1.04681	366
1.04909	367
1.0497	368
1.05078	369
1.05129	370
1.05224	371
1.05315	372
1.054	373
1.05485	374
1.05638	375
1.05813	376
1.06058	377
1.061	378
1.06196	379
1.0643	380
1.06511	381
1.0656	382
1.06654	383
1.06727	384
1.06965	385
1.0712	386
1.07209	387
1.0724	388
1.07261	389
1.07281	390
1.07335	391
1.07503	392
1.07631	393
1.0777	394
1.08087	395
1.0816	396
1.08263	397
1.08342	398
1.08437	399
1.08486	400
1.08564	401
1.0869	402
1.08842	403
1.0892	404
1.0895	405
1.09046	406
1.09163	407
1.09326	408
1.0953	409
1.09677	410
1.09819	411
1.09844	412
1.09886	413
1.09978	414
1.1011	415
1.10277	416
1.10315	332.8
1.10459	332.813
1.10581	332.826
1.10618	332.839
1.10635	332.852
1.10779	332.865
1.10968	332.878
1.11115	332.891
1.11275	332.905
1.11504	332.919
1.1158	332.933
1.11651	332.947
1.11735	332.961
1.11825	332.975
1.11897	332.989
1.11998	333.003
1.1208	333.017
1.12186	333.031
1.12318	333.046
1.12394	333.06
1.12642	333.075
1.12791	333.09
1.1305	333.105
1.13135	333.12
1.13228	333.135
1.13276	333.15
1.13374	333.166
1.13437	333.181
1.13544	333.197
1.13623	333.212
1.13731	333.228
1.13958	333.243
1.14056	333.259
1.1408	333.275
1.14095	333.291
1.14311	333.307
1.14451	333.323
1.14614	333.339
1.14667	333.356
1.14746	333.372
1.14824	333.388
1.14894	333.405
1.14982	333.421
1.15206	333.438
1.15356	333.455
1.15478	333.472
1.15552	333.489
1.15688	333.506
1.15743	333.523
1.15759	333.54
1.15911	333.557
1.16086	333.575
1.16235	333.592
1.16449	333.61
1.16558	333.627
1.16667	333.645
1.16683	333.663
1.16767	333.681
1.16849	333.699
1.16957	333.717
1.17028	333.735
1.17058	333.753
1.1713	333.771
1.17216	333.789
1.17362	333.807
1.17542	333.825
1.17889	333.844
1.17909	333.863
1.17925	333.881
1.18016	333.9
1.18071	333.918
1.18177	333.937
1.18226	333.956
1.18331	333.975
1.1848	333.994
1.18561	334.013
1.18641	334.032
1.18721	334.051
1.18801	334.07
1.18818	334.089
1.18867	334.108
1.18929	334.127
1.19009	334.146
1.1908	334.165
1.19129	334.184
1.19225	334.203
1.19283	334.222
1.19364	334.242
1.19426	334.261
1.19502	334.28
1.19593	334.299
1.19639	334.319
1.19712	334.338
1.19799	334.357
1.19953	334.377
1.19968	334.396
1.20043	334.416
1.20086	334.435
1.20187	334.455
1.20237	334.474
1.20335	334.494
1.20388	334.513
1.20454	334.533
1.20655	334.553
1.20745	334.573
1.20785	334.593
1.20798	334.612
1.20845	334.632
1.20893	334.652
1.21015	334.672
1.21184	334.692
1.21294	334.712
1.21376	334.732
1.21396	334.752
1.21408	334.772
1.21426	334.792
1.21481	334.812
1.21577	334.832
1.21628	334.852
1.21729	334.872
1.21779	334.892
1.21875	334.912
1.21921	334.932
1.22264	334.953
1.22358	334.973
1.22379	334.993
1.22395	335.014
1.22408	335.034
1.22421	335.055
1.22432	335.075
1.22526	335.095
1.22576	335.115
1.22671	335.136
1.22724	335.156
1.22797	335.177
1.22894	335.197
1.2294	335.217
1.23044	335.238
1.23145	335.258
1.23195	335.279
1.2323	335.3
1.23301	335.32
1.23379	335.341
1.23471	335.361
1.23551	335.382
1.23641	335.403
1.23715	335.423
1.23828	335.444
1.23937	335.465
1.23967	335.486
1.23987	335.506
1.24137	335.527
1.24243	335.548
1.24377	335.569
1.24443	335.59
1.24463	335.611
1.24477	335.632
1.2465	335.653
1.24757	335.674
1.24857	335.696
1.24884	335.717
1.24903	335.738
1.24915	335.759
1.24932	335.78
1.25009	335.801
1.25187	335.822
1.25288	335.843
1.25321	335.865
1.25341	335.886
1.2546	335.907
1.25565	335.928
1.25656	335.95
1.25675	335.971
1.25693	335.992
1.25846	336.014
1.25951	336.035
1.26046	336.056
1.26072	336.078
1.2609	336.099
1.26152	336.121
1.26207	336.142
1.26303	336.163
1.26355	336.185
1.26463	336.206
1.26496	336.228
1.2659	336.249
1.26673	336.271
1.26725	336.292
1.26808	336.314
1.26886	336.336
1.26966	336.357
1.27045	336.379
1.27123	336.4
1.27205	336.422
1.27266	336.444
1.27348	336.465
1.27415	336.487
1.27527	336.509
1.27603	336.531
1.27642	336.553
1.27746	336.574
1.27815	336.596
1.27892	336.618
1.27987	336.64
1.28067	336.662
1.2809	336.684
1.28135	336.706
1.28228	336.728
1.28279	336.75
1.28383	336.771
1.28435	336.793
1.28529	336.815
1.2859	336.837
1.2868	336.859
1.28822	336.882
1.28922	336.904
1.2895	336.926
1.29025	336.948
1.29138	336.97
1.29236	336.992
1.29283	337.015
1.293	337.037
1.2938	337.059
1.29462	337.081
1.29551	337.104
1.29602	337.126
1.29673	337.148
1.2974	337.17
1.29841	337.193
1.29895	337.215
1.29977	337.237
1.30047	337.26
1.30131	337.282
1.30191	337.305
1.30273	337.327
1.30363	337.349
1.30424	337.372
1.30501	337.394
1.30587	337.417
1.3067	337.439
1.30786	337.462
1.3084	337.484
1.30922	337.507
1.30986	337.53
1.31123	337.552
1.31146	337.575
1.31208	337.598
1.31261	337.62
1.31346	337.643
1.31412	337.666
1.315	337.688
1.31575	337.711
1.31627	337.734
1.31713	337.756
1.31781	337.779
1.31853	337.802
1.31947	337.825
1.31995	337.847
1.32083	337.87
1.32256	337.893
1.32401	337.916
1.32433	337.939
1.32563	337.962
1.32716	337.985
1.3276	338.008
1.32778	338.031
1.32793	338.054
1.3281	338.077
1.32825	338.1
1.32908	338.123
1.32963	338.146
1.33036	338.169
1.33117	338.192
1.33196	338.215
1.33275	338.238
1.33344	338.261
1.33413	338.284
1.33489	338.307
1.33563	338.33
1.33644	338.353
1.33767	338.377
1.33842	338.4
1.33925	338.423
1.34065	338.446
1.34124	338.469
1.34145	338.493
1.34179	338.516
1.34232	338.539
1.34332	338.562
1.34387	338.585
1.34462	338.608
1.34541	338.632
1.34628	338.655
1.34721	338.678
1.34782	338.701
1.34836	338.725
1.34915	338.748
1.34991	338.771
1.35089	338.795
1.3518	338.818
1.35357	338.841
1.3541	338.865
1.355	338.888
1.35627	338.912
1.35755	338.936
1.35781	338.959
1.35798	338.983
1.35813	339.006
1.35858	339.03
1.35912	339.053
1.35976	339.077
1.36087	339.1
1.3621	339.124
1.36324	339.147
1.36367	339.171
1.36389	339.194
1.36429	339.218
1.36506	339.242
1.36593	339.265
1.36684	339.289
1.36762	339.312
1.36809	339.336
1.36922	339.36
1.37037	339.383
1.37095	339.407
1.37174	339.431
1.37242	339.454
1.3729	339.478
1.37362	339.502
1.37416	339.525
1.37493	339.549
1.37585	339.573
1.37663	339.596
1.37762	339.62
1.3782	339.644
1.37881	339.668
1.37956	339.692
1.38033	339.715
1.3812	339.739
1.38207	339.763
1.38293	339.787
1.38339	339.811
1.38438	339.834
1.38493	339.858
1.38664	339.882
1.38689	339.906
1.38742	339.93
1.38788	339.954
1.38957	339.978
1.39226	340.002
1.3932	340.026
1.39405	340.051
1.39431	340.075
1.39448	340.099
1.39463	340.123
1.39483	340.147
1.39506	340.171
1.39548	340.195
1.39614	340.219
1.39693	340.243
1.39774	340.267
1.39864	340.291
1.39911	340.315
1.39991	340.339
1.40044	340.363
1.40144	340.387
1.40218	340.411
1.4031	340.435
1.40385	340.459
1.4048	340.483
1.40599	340.508
1.40659	340.532
1.40677	340.556
1.40748	340.58
1.41799	340.605
1.4812	340.637
1.59691	340.68
1.6658	340.73
1.7361	340.787
1.80568	340.85
1.87491	340.92
